clusters	num	num2	A1	A2	B1	B2	B3	B4
0	13	13	2	9	0	1	1	0
1	17	17	2	11	0	0	4	0
2	4	4	0	1	1	1	1	0
3	14	14	3	9	1	0	1	0
4	23	0	0	0	0	0	0	0
5	10	9	9	0	0	0	0	0
6	10	10	0	8	1	1	0	0
7	5	5	2	1	0	0	2	0
8	10	10	2	0	7	1	0	0
9	21	21	14	5	0	0	2	0
10	5	0	0	0	0	0	0	0
11	16	16	2	7	0	0	7	0
12	2	2	0	2	0	0	0	0
13	16	16	0	10	1	1	4	0
14	19	19	6	1	10	2	0	0
15	17	0	0	0	0	0	0	0
16	23	23	5	10	0	2	6	0
17	17	17	1	11	0	0	5	0
18	92	92	32	46	4	1	9	0
19	2	2	2	0	0	0	0	0
20	82	82	48	27	7	0	0	0
21	9	9	4	5	0	0	0	0
22	11	11	11	0	0	0	0	0
23	19	19	11	1	5	2	0	0
24	5	5	0	2	0	0	3	0
25	16	16	9	5	0	2	0	0
26	27	27	12	12	3	0	0	0
27	5	5	1	2	0	2	0	0
28	32	32	20	2	8	2	0	0
29	2	2	1	0	1	0	0	0
30	26	26	4	16	2	2	2	0
31	4	4	0	1	1	1	1	0
32	16	16	9	5	2	0	0	0
33	16	16	2	9	0	1	4	0
34	25	25	17	7	0	0	1	0
35	24	24	7	7	6	1	3	0
36	2	2	1	1	0	0	0	0
37	3	3	3	0	0	0	0	0
38	17	17	10	7	0	0	0	0
39	2	2	0	2	0	0	0	0
40	14	14	10	2	0	2	0	0
41	22	22	17	4	1	0	0	0
42	22	22	1	14	1	0	6	0
43	12	12	2	8	0	0	2	0
44	17	17	1	11	3	0	2	0
45	11	11	2	8	0	0	1	0
46	25	25	0	19	0	0	6	0
47	32	32	14	11	4	2	1	0
48	12	12	9	2	1	0	0	0
49	3	3	0	3	0	0	0	0
50	20	20	0	13	1	2	4	0
51	18	18	2	13	1	0	2	0
52	16	16	7	5	3	0	1	0
53	13	13	7	3	2	1	0	0
54	22	22	1	7	1	7	6	0
55	11	11	1	7	0	2	1	0
56	13	13	9	1	2	1	0	0
57	31	31	5	19	4	3	0	0
58	12	12	1	9	0	0	2	0
59	11	11	0	7	1	3	0	0
60	19	19	8	8	2	0	1	0
61	2	2	0	1	0	1	0	0
62	2	2	1	0	0	0	1	0
63	13	13	12	0	1	0	0	0
64	14	14	12	2	0	0	0	0
65	12	12	7	5	0	0	0	0
66	38	38	15	15	6	0	2	0
67	105	105	79	12	10	4	0	0
68	24	24	14	6	4	0	0	0
69	2	2	2	0	0	0	0	0
70	71	71	62	2	6	1	0	0
71	4	4	0	3	0	0	1	0
72	46	46	28	15	2	0	1	0
73	71	71	35	34	2	0	0	0
74	15	15	1	13	1	0	0	0
75	25	25	3	14	2	1	5	0
76	29	29	13	9	4	2	1	0
77	10	10	1	9	0	0	0	0
78	10	10	3	6	1	0	0	0
79	20	20	1	12	0	0	7	0
80	14	14	13	1	0	0	0	0
81	21	21	0	19	0	0	2	0
82	19	19	2	10	0	1	6	0
83	67	67	30	31	3	1	2	0
84	54	54	43	7	1	0	3	0
85	17	17	1	11	0	2	3	0
86	20	20	1	13	0	1	5	0
87	12	12	10	0	2	0	0	0
88	20	20	10	4	4	2	0	0
89	18	18	1	13	1	0	3	0
90	11	11	8	2	1	0	0	0
91	16	16	6	3	7	0	0	0
92	11	11	0	9	1	0	1	0
93	17	17	4	11	0	0	2	0
94	13	13	0	11	0	1	1	0
95	17	17	0	12	0	0	5	0
96	63	63	36	21	2	0	4	0
97	35	0	0	0	0	0	0	0
98	11	11	1	10	0	0	0	0
99	6	6	1	5	0	0	0	0
100	11	11	2	9	0	0	0	0
101	18	18	7	9	1	0	1	0
102	18	18	5	10	2	0	1	0
103	111	111	86	0	14	4	0	7
104	48	48	16	26	1	0	5	0
105	17	17	0	12	0	0	5	0
106	5	5	2	2	1	0	0	0
107	22	22	15	6	0	0	1	0
108	15	15	6	6	0	0	3	0
109	42	42	40	1	1	0	0	0
110	13	13	4	7	1	0	1	0
111	8	8	1	3	0	0	4	0
112	6	6	0	5	1	0	0	0
113	41	41	36	3	2	0	0	0
114	26	26	19	0	3	1	0	3
115	24	24	10	0	4	0	0	10
116	22	22	3	15	4	0	0	0
117	2	2	0	2	0	0	0	0
118	7	7	2	5	0	0	0	0
119	8	8	8	0	0	0	0	0
120	8	8	1	6	0	1	0	0
121	98	98	96	0	1	1	0	0
122	11	11	9	0	2	0	0	0
123	28	28	5	21	0	1	1	0
124	21	21	1	19	1	0	0	0
125	24	24	11	10	2	0	1	0
126	2	2	2	0	0	0	0	0
127	6	6	1	3	0	0	2	0
128	16	0	0	0	0	0	0	0
129	8	8	0	5	0	0	3	0
130	15	0	0	0	0	0	0	0
131	6	6	6	0	0	0	0	0
132	2	2	0	1	0	0	1	0
133	2	2	2	0	0	0	0	0
134	2	2	2	0	0	0	0	0
135	3	3	0	2	0	0	1	0
136	4	4	3	1	0	0	0	0
137	2	2	2	0	0	0	0	0
138	36	36	29	7	0	0	0	0
139	21	21	21	0	0	0	0	0
140	35	35	22	6	6	1	0	0
141	3	3	0	3	0	0	0	0
142	14	14	14	0	0	0	0	0
143	5	5	4	0	1	0	0	0
144	171	171	152	13	6	0	0	0
145	219	219	172	33	9	1	4	0
146	26	26	12	10	4	0	0	0
147	53	53	38	1	13	1	0	0
148	7	7	0	2	1	2	2	0
149	24	23	22	0	0	0	1	0
150	13	13	0	11	1	0	1	0
151	21	21	2	19	0	0	0	0
152	18	18	18	0	0	0	0	0
153	11	11	5	4	2	0	0	0
154	3	3	3	0	0	0	0	0
155	3	3	0	2	1	0	0	0
156	33	32	7	18	2	4	1	0
157	2	2	1	0	1	0	0	0
158	4	4	3	0	1	0	0	0
159	20	20	11	0	1	0	0	8
160	29	29	11	9	7	2	0	0
161	75	75	13	46	4	1	11	0
162	5	5	0	1	0	4	0	0
163	11	11	1	7	0	0	3	0
164	10	10	1	4	2	1	2	0
165	8	8	1	4	2	0	1	0
166	19	19	6	9	2	2	0	0
167	10	10	9	0	0	0	1	0
168	25	25	6	15	3	0	1	0
169	28	28	9	18	1	0	0	0
170	28	28	22	0	6	0	0	0
171	2	2	0	1	0	1	0	0
172	10	10	9	1	0	0	0	0
173	24	24	23	0	1	0	0	0
174	22	21	0	14	1	5	1	0
175	17	17	2	8	3	0	4	0
176	4	4	4	0	0	0	0	0
177	16	16	1	12	0	0	3	0
178	20	20	2	17	1	0	0	0
179	20	20	7	9	3	0	1	0
180	12	12	1	10	0	0	1	0
181	8	0	0	0	0	0	0	0
182	18	0	0	0	0	0	0	0
183	41	41	31	8	1	0	1	0
184	22	22	11	9	0	0	2	0
185	25	24	9	8	6	0	1	0
186	9	9	9	0	0	0	0	0
187	22	22	7	13	1	0	1	0
188	7	7	0	3	1	3	0	0
189	26	26	5	16	1	0	4	0
190	13	13	6	1	4	2	0	0
191	4	4	1	1	0	1	1	0
192	11	11	2	8	1	0	0	0
193	15	15	14	0	0	0	1	0
194	12	11	1	9	0	1	0	0
195	7	7	4	3	0	0	0	0
196	29	29	13	13	1	2	0	0
197	10	10	8	0	0	0	2	0
198	9	9	7	2	0	0	0	0
199	26	26	24	0	0	0	0	2
200	27	27	26	1	0	0	0	0
201	38	0	0	0	0	0	0	0
202	16	16	9	7	0	0	0	0
203	20	20	0	13	0	3	4	0
204	23	23	0	18	1	0	4	0
205	12	12	12	0	0	0	0	0
206	19	19	18	0	0	1	0	0
207	9	9	7	1	1	0	0	0
208	2	2	2	0	0	0	0	0
209	22	22	1	10	5	0	6	0
210	13	13	1	8	1	1	2	0
211	2	2	0	0	1	1	0	0
212	66	66	28	31	0	0	7	0
213	6	6	1	1	4	0	0	0
214	63	63	13	45	0	0	5	0
215	5	5	0	4	0	1	0	0
216	6	6	0	5	1	0	0	0
217	7	7	2	5	0	0	0	0
218	9	9	9	0	0	0	0	0
219	16	16	16	0	0	0	0	0
220	6	6	5	1	0	0	0	0
221	8	8	6	1	0	1	0	0
222	6	6	2	3	1	0	0	0
223	4	4	3	1	0	0	0	0
224	12	12	10	1	1	0	0	0
225	23	23	22	0	1	0	0	0
226	22	22	21	0	0	1	0	0
227	23	23	19	2	0	1	1	0
228	13	13	11	2	0	0	0	0
229	29	29	28	0	1	0	0	0
230	31	31	31	0	0	0	0	0
231	18	18	4	14	0	0	0	0
232	3	3	3	0	0	0	0	0
233	18	18	14	3	0	1	0	0
234	16	16	14	2	0	0	0	0
235	5	5	5	0	0	0	0	0
236	5	5	0	5	0	0	0	0
237	19	19	13	5	0	1	0	0
238	5	5	4	0	0	1	0	0
239	4	4	0	2	0	0	2	0
240	18	18	8	7	1	0	2	0
241	2	2	0	1	0	0	1	0
242	8	8	1	4	0	1	2	0
243	5	5	0	4	1	0	0	0
244	5	5	0	5	0	0	0	0
245	17	17	6	11	0	0	0	0
246	19	19	4	14	0	0	1	0
247	25	25	8	17	0	0	0	0
248	15	15	12	3	0	0	0	0
249	16	16	7	8	0	0	1	0
250	19	19	9	8	2	0	0	0
251	31	31	25	0	1	0	0	5
252	21	21	0	16	0	1	4	0
253	14	14	0	2	11	1	0	0
254	14	14	13	1	0	0	0	0
255	21	21	18	3	0	0	0	0
256	22	22	21	0	1	0	0	0
257	15	15	15	0	0	0	0	0
258	17	0	0	0	0	0	0	0
259	19	0	0	0	0	0	0	0
260	78	78	61	14	3	0	0	0
261	56	56	44	9	3	0	0	0
262	9	9	1	7	1	0	0	0
263	13	13	0	13	0	0	0	0
264	10	10	9	1	0	0	0	0
265	30	30	30	0	0	0	0	0
266	39	39	38	0	1	0	0	0
267	13	13	11	1	1	0	0	0
268	92	91	89	0	2	0	0	0
269	27	27	23	0	0	0	0	4
270	2	2	1	0	1	0	0	0
271	11	11	10	0	0	0	0	1
272	4	4	4	0	0	0	0	0
273	9	9	0	8	0	0	1	0
274	9	9	4	5	0	0	0	0
275	40	40	39	0	1	0	0	0
276	31	31	30	1	0	0	0	0
277	4	4	4	0	0	0	0	0
278	6	6	6	0	0	0	0	0
279	9	9	9	0	0	0	0	0
280	13	13	3	7	0	0	3	0
281	3	3	1	1	0	0	1	0
282	12	12	2	8	0	0	2	0
283	17	17	16	0	1	0	0	0
284	13	13	7	6	0	0	0	0
285	9	9	1	7	0	0	1	0
286	14	14	11	0	3	0	0	0
287	24	24	18	6	0	0	0	0
288	15	15	9	4	0	1	1	0
289	2	2	0	2	0	0	0	0
290	12	12	0	11	0	1	0	0
291	14	14	3	0	0	0	0	11
292	22	22	9	0	1	1	0	11
293	38	38	33	2	2	1	0	0
294	62	62	51	3	7	1	0	0
295	14	14	14	0	0	0	0	0
296	17	17	6	7	0	0	4	0
297	58	58	34	20	3	0	1	0
298	16	16	2	12	1	1	0	0
299	52	52	12	27	4	1	8	0
300	8	8	1	7	0	0	0	0
301	3	3	2	1	0	0	0	0
302	12	12	1	10	0	0	1	0
303	26	26	19	7	0	0	0	0
304	29	29	23	5	0	1	0	0
305	23	23	18	0	2	0	0	3
306	17	17	17	0	0	0	0	0
307	23	23	14	7	0	0	2	0
308	6	6	1	4	1	0	0	0
309	18	18	17	1	0	0	0	0
310	12	0	0	0	0	0	0	0
311	21	0	0	0	0	0	0	0
312	13	13	12	0	1	0	0	0
313	12	12	7	4	0	0	1	0
314	2	2	0	1	0	1	0	0
315	3	3	0	1	2	0	0	0
316	17	17	5	9	3	0	0	0
317	2	2	2	0	0	0	0	0
318	14	14	14	0	0	0	0	0
319	10	10	9	0	1	0	0	0
320	8	8	6	0	1	0	0	1
321	17	17	7	0	0	0	0	10
322	17	15	4	0	1	0	0	10
323	15	15	12	1	2	0	0	0
324	18	18	18	0	0	0	0	0
325	46	46	45	0	1	0	0	0
326	45	45	42	0	3	0	0	0
327	17	17	3	0	0	0	0	14
328	16	15	8	0	1	0	0	6
329	13	13	11	0	0	0	2	0
330	20	20	19	1	0	0	0	0
331	14	14	11	2	1	0	0	0
332	11	11	10	1	0	0	0	0
333	11	11	10	0	0	0	1	0
334	19	19	13	3	1	0	2	0
335	57	57	33	0	8	0	0	16
336	17	17	17	0	0	0	0	0
337	18	18	18	0	0	0	0	0
338	21	21	21	0	0	0	0	0
339	25	25	24	1	0	0	0	0
340	8	8	7	1	0	0	0	0
341	11	11	11	0	0	0	0	0
342	17	0	0	0	0	0	0	0
343	12	0	0	0	0	0	0	0
344	14	14	11	2	0	0	1	0
345	13	13	11	2	0	0	0	0
346	16	16	16	0	0	0	0	0
347	8	8	8	0	0	0	0	0
348	11	11	9	0	2	0	0	0
349	12	12	12	0	0	0	0	0
350	17	17	13	0	1	1	0	2
351	16	16	16	0	0	0	0	0
352	22	22	16	0	5	1	0	0
353	15	15	14	0	0	0	0	1
354	25	25	21	0	4	0	0	0
355	16	16	0	0	2	3	0	11
356	13	13	0	0	0	0	0	13
357	223	222	65	92	24	25	16	0
358	199	199	57	79	37	1	25	0
359	227	224	95	69	19	21	20	0
360	130	130	11	66	27	13	13	0
361	131	131	45	52	17	17	0	0
362	109	109	54	13	31	11	0	0
363	138	137	67	32	29	9	0	0
364	201	200	156	6	28	10	0	0
365	86	86	3	51	20	12	0	0
366	152	152	51	0	18	17	0	66
367	516	514	222	199	33	4	56	0
368	85	85	45	5	19	16	0	0
369	40	40	17	1	14	8	0	0
370	56	55	41	0	14	0	0	0
371	424	420	97	210	27	9	77	0
372	263	262	88	101	25	1	47	0
373	126	126	10	71	2	7	36	0
374	120	120	25	53	13	7	22	0
375	285	285	63	134	17	4	67	0
376	183	180	36	90	18	6	30	0
377	126	126	12	63	8	12	31	0
378	85	85	27	23	19	3	13	0
379	114	0	0	0	0	0	0	0
380	209	206	58	113	9	19	7	0
381	422	422	295	98	17	3	9	0
382	362	362	224	101	9	11	17	0
383	62	62	14	41	5	1	1	0
384	231	231	115	79	29	8	0	0
385	244	244	182	29	28	5	0	0
386	343	343	288	30	22	3	0	0
387	453	453	436	2	12	3	0	0
388	69	69	16	29	18	5	1	0
389	659	656	451	0	46	10	0	149
390	630	629	425	157	28	1	18	0
391	224	224	173	9	35	7	0	0
392	67	67	42	2	15	8	0	0
393	204	202	194	0	8	0	0	0
394	303	303	73	177	7	6	40	0
395	373	373	146	180	20	0	27	0
396	276	276	36	166	15	11	48	0
397	376	376	93	203	30	10	40	0
398	312	312	169	108	6	0	29	0
399	342	342	128	158	15	7	34	0
400	245	244	72	128	7	14	23	0
401	339	339	205	102	22	3	7	0
402	273	0	0	0	0	0	0	0
