clusters	gene_num	A_num	B_num
0	13	12	1
1	17	17	0
2	4	3	1
3	14	10	4
4	23	19	4
5	10	1	9
6	10	9	1
7	5	2	3
8	10	9	1
9	21	19	2
10	5	4	1
11	16	11	5
12	2	2	0
13	16	12	4
14	19	19	0
15	17	16	1
16	23	16	7
17	17	10	7
18	92	86	6
19	2	2	0
20	82	80	2
21	9	9	0
22	11	11	0
23	19	18	1
24	5	3	2
25	16	13	3
26	27	27	0
27	5	4	1
28	32	28	4
29	2	2	0
30	26	22	4
31	4	3	1
32	16	15	1
33	16	11	5
34	25	24	1
35	24	21	3
36	2	2	0
37	3	3	0
38	17	17	0
39	2	2	0
40	14	14	0
41	22	21	1
42	22	17	5
43	12	10	2
44	17	15	2
45	11	11	0
46	25	18	7
47	32	28	4
48	12	12	0
49	3	3	0
50	20	16	4
51	18	16	2
52	16	14	2
53	13	13	0
54	22	12	10
55	11	10	1
56	13	12	1
57	31	25	6
58	12	11	1
59	11	8	3
60	19	18	1
61	2	1	1
62	2	1	1
63	13	12	1
64	14	14	0
65	12	12	0
66	38	31	7
67	105	91	14
68	24	21	3
69	2	2	0
70	71	66	5
71	4	3	1
72	46	41	5
73	71	71	0
74	15	15	0
75	25	21	4
76	29	24	5
77	10	10	0
78	10	10	0
79	20	14	6
80	14	14	0
81	21	19	2
82	19	13	6
83	67	59	8
84	54	49	5
85	17	15	2
86	20	15	5
87	12	11	1
88	20	16	4
89	18	17	1
90	11	10	1
91	16	15	1
92	11	10	1
93	17	16	1
94	13	11	2
95	17	14	3
96	63	51	12
97	35	32	3
98	11	11	0
99	6	6	0
100	11	11	0
101	18	14	4
102	18	14	4
103	111	101	10
104	48	41	7
105	17	10	7
106	5	5	0
107	22	21	1
108	15	11	4
109	42	41	1
110	13	12	1
111	8	7	1
112	6	6	0
113	41	41	0
114	26	22	4
115	24	13	11
116	22	18	4
117	2	2	0
118	7	6	1
119	8	8	0
120	8	7	1
121	98	96	2
122	11	9	2
123	28	28	0
124	21	21	0
125	24	24	0
126	2	2	0
127	6	3	3
128	16	11	5
129	8	4	4
130	15	14	1
131	6	6	0
132	2	2	0
133	2	2	0
134	2	2	0
135	3	2	1
136	4	4	0
137	2	2	0
138	36	36	0
139	21	21	0
140	35	25	10
141	3	3	0
142	14	14	0
143	5	5	0
144	171	164	7
145	219	205	14
146	26	25	1
147	53	41	12
148	7	4	3
149	24	22	2
150	13	13	0
151	21	21	0
152	18	18	0
153	11	10	1
154	3	3	0
155	3	3	0
156	33	29	4
157	2	2	0
158	4	4	0
159	20	12	8
160	29	27	2
161	75	66	9
162	5	4	1
163	11	10	1
164	10	8	2
165	8	8	0
166	19	12	7
167	10	9	1
168	25	23	2
169	28	28	0
170	28	21	7
171	2	1	1
172	10	10	0
173	24	23	1
174	22	15	7
175	17	13	4
176	4	4	0
177	16	13	3
178	20	19	1
179	20	12	8
180	12	11	1
181	8	8	0
182	18	17	1
183	41	39	2
184	22	20	2
185	25	21	4
186	9	9	0
187	22	20	2
188	7	4	3
189	26	23	3
190	13	10	3
191	4	3	1
192	11	11	0
193	15	14	1
194	12	11	1
195	7	7	0
196	29	25	4
197	10	8	2
198	9	9	0
199	26	24	2
200	27	26	1
201	38	36	2
202	16	16	0
203	20	15	5
204	23	23	0
205	12	12	0
206	19	18	1
207	9	9	0
208	2	2	0
209	22	14	8
210	13	10	3
211	2	2	0
212	66	63	3
213	6	6	0
214	63	61	2
215	5	5	0
216	6	6	0
217	7	7	0
218	9	9	0
219	16	16	0
220	6	6	0
221	8	7	1
222	6	5	1
223	4	4	0
224	12	12	0
225	23	21	2
226	22	20	2
227	23	21	2
228	13	13	0
229	29	29	0
230	31	31	0
231	18	18	0
232	3	3	0
233	18	18	0
234	16	16	0
235	5	5	0
236	5	5	0
237	19	18	1
238	5	4	1
239	4	2	2
240	18	16	2
241	2	1	1
242	8	4	4
243	5	5	0
244	5	5	0
245	17	17	0
246	19	19	0
247	25	21	4
248	15	15	0
249	16	12	4
250	19	18	1
251	31	25	6
252	21	15	6
253	14	13	1
254	14	14	0
255	21	18	3
256	22	21	1
257	15	15	0
258	17	16	1
259	19	17	2
260	78	76	2
261	56	55	1
262	9	9	0
263	13	13	0
264	10	10	0
265	30	29	1
266	39	38	1
267	13	12	1
268	92	62	30
269	27	23	4
270	2	1	1
271	11	10	1
272	4	4	0
273	9	8	1
274	9	9	0
275	40	39	1
276	31	31	0
277	4	4	0
278	6	6	0
279	9	9	0
280	13	10	3
281	3	3	0
282	12	9	3
283	17	17	0
284	13	13	0
285	9	9	0
286	14	12	2
287	24	24	0
288	15	13	2
289	2	2	0
290	12	11	1
291	14	3	11
292	22	11	11
293	38	36	2
294	62	55	7
295	14	14	0
296	17	13	4
297	58	57	1
298	16	15	1
299	52	44	8
300	8	8	0
301	3	3	0
302	12	11	1
303	26	26	0
304	29	28	1
305	23	20	3
306	17	17	0
307	23	20	3
308	6	6	0
309	18	18	0
310	12	12	0
311	21	14	7
312	13	13	0
313	12	12	0
314	2	1	1
315	3	3	0
316	17	17	0
317	2	2	0
318	14	14	0
319	10	10	0
320	8	8	0
321	17	7	10
322	17	6	11
323	15	14	1
324	18	18	0
325	46	35	11
326	45	29	16
327	17	13	4
328	16	12	4
329	13	12	1
330	20	20	0
331	14	13	1
332	11	11	0
333	11	10	1
334	19	17	2
335	57	44	13
336	17	17	0
337	18	18	0
338	21	21	0
339	25	25	0
340	8	8	0
341	11	11	0
342	17	16	1
343	12	12	0
344	14	13	1
345	13	13	0
346	16	16	0
347	8	8	0
348	11	9	2
349	12	12	0
350	17	14	3
351	16	16	0
352	22	20	2
353	15	14	1
354	25	24	1
355	16	2	14
356	13	0	13
357	223	181	42
358	199	132	67
359	227	174	53
360	130	111	19
361	131	103	28
362	109	71	38
363	138	109	29
364	201	151	50
365	86	76	10
366	152	60	92
367	516	388	128
368	85	55	30
369	40	32	8
370	56	15	41
371	424	355	69
372	263	212	51
373	126	88	38
374	120	93	27
375	285	227	58
376	183	149	34
377	126	106	20
378	85	54	31
379	114	79	35
380	209	185	24
381	422	389	33
382	362	325	37
383	62	60	2
384	231	217	14
385	244	215	29
386	343	327	16
387	453	434	19
388	69	65	4
389	659	514	145
390	630	574	56
391	224	195	29
392	67	64	3
393	204	136	68
394	303	274	29
395	373	337	36
396	276	225	51
397	376	341	35
398	312	287	25
399	342	307	35
400	245	227	18
401	339	296	43
402	273	244	29
