cluster_origin	clusters	count	repli_mean	repli_std	repli_cv	repli_min	repli_25	repli_50	repli_75	repli_max
0	0	13	61.007546	4.692888	12.090602	45.204700	48.530800	61.355600	69.184700	79.727600
1	1	17	68.884700	4.052041	9.721337	44.266500	64.719500	72.455700	75.424900	78.864200
2	2	4	48.638475	12.159619	13.269849	29.274500	46.280150	53.008750	55.367075	59.261900
3	3	14	65.799229	4.699945	11.790989	30.257200	64.359025	68.703250	73.962875	75.137600
4	4	23	44.570552	1.937850	17.493558	18.685800	27.940400	48.647100	56.518350	74.332700
5	5	10	70.251320	7.025132	5.187153	63.266400	64.767300	73.170500	74.514000	74.996600
6	6	10	68.786560	6.878656	9.023103	50.845800	67.194500	72.754750	73.599775	76.570800
7	7	5	54.411960	10.882392	18.900684	37.255300	38.342900	48.042900	69.113300	79.305400
8	8	10	59.755810	5.975581	8.763502	44.417200	55.113675	63.121400	64.878550	71.229300
9	9	21	74.298586	3.538028	8.704110	46.961100	77.392200	77.991200	78.217300	80.052200
10	10	5	34.583960	6.916792	14.173130	23.069200	27.356800	28.419900	35.406400	58.667500
11	11	16	57.248863	3.578054	16.251463	31.425600	40.542525	59.416100	72.387325	77.431300
12	12	2	65.162300	32.581150	3.954141	62.366300	63.764300	65.162300	66.560300	67.958300
13	13	16	47.682906	2.980182	15.228499	20.991200	38.331675	50.932600	55.556375	68.293200
14	14	19	62.455447	3.287129	12.460311	26.875600	60.280100	65.062300	70.845050	77.209400
15	15	17	41.793865	2.458463	12.834608	23.111100	33.475800	38.482500	49.085500	67.697300
16	16	23	55.866283	2.428969	16.654921	29.423700	40.693700	59.349500	72.022850	77.199000
17	17	17	55.563388	3.268435	16.257921	12.685300	50.557500	56.125000	61.104800	79.202100
18	18	92	68.704692	0.746790	9.575094	41.092400	64.093175	72.070750	75.612400	81.019600
19	19	2	72.223500	36.111750	1.459751	71.191300	71.707400	72.223500	72.739600	73.255700
20	20	82	75.440865	0.920011	6.412263	46.063700	75.671950	77.649500	79.102800	81.010800
20	21	9	69.987978	7.776442	9.730157	50.469300	65.575800	75.604600	76.826300	78.799500
20	22	11	72.953827	6.632166	2.734441	69.513300	70.425100	73.735400	75.054350	77.623000
20	23	19	72.725516	3.827659	5.965323	58.504900	71.242550	74.715000	76.745250	78.694500
21	24	5	46.697340	9.339468	11.189672	35.270700	39.893600	41.997600	53.746900	62.577900
21	25	16	71.319300	4.457456	14.120708	31.628400	72.525400	76.978300	79.301725	79.968600
21	26	27	75.765615	2.806134	5.950321	56.653500	75.731500	77.038700	79.300200	81.352800
21	27	5	58.990920	11.798184	15.760838	43.669000	49.428900	50.213800	72.368100	79.274800
21	28	32	69.470406	2.170950	10.026207	27.082200	64.054050	73.627200	76.791850	78.260400
21	29	2	76.501300	38.250650	0.624800	76.059500	76.280400	76.501300	76.722200	76.943100
21	30	26	65.691154	2.526583	9.455717	41.983500	60.175200	68.301150	72.128950	78.416800
21	31	4	63.172325	15.793081	10.065345	52.479300	57.511125	61.977000	67.638200	76.256000
22	32	16	70.903494	4.431468	7.402391	56.924200	65.404800	72.683450	76.629100	79.388500
23	33	16	53.186369	3.324148	22.413110	12.762900	39.733625	60.007600	68.853875	79.269900
24	34	25	72.344424	2.893777	9.158464	47.274600	69.230400	77.927800	78.391100	79.230700
25	35	24	62.676887	2.611537	13.465992	10.433600	58.412725	66.394750	69.593375	77.273200
26	36	2	70.182150	35.091075	10.778217	62.560800	66.371475	70.182150	73.992825	77.803500
26	37	3	74.611067	24.870356	0.773463	73.795500	74.249550	74.703600	75.018850	75.334100
26	38	17	75.544382	4.443787	4.842348	62.383900	73.200500	77.697600	79.035900	79.972500
26	39	2	75.958850	37.979425	1.372848	74.988100	75.473475	75.958850	76.444225	76.929600
27	40	14	70.809836	5.057845	12.956214	39.495900	73.366925	75.965800	76.713750	79.048500
28	41	22	75.130791	3.415036	5.217882	62.166900	76.335125	77.656500	78.204200	79.413500
29	42	22	57.643850	2.620175	14.411775	11.962100	53.188825	57.794450	65.994875	78.231800
30	43	12	64.103092	5.341924	18.268744	10.129400	66.750750	70.646500	73.372400	74.221700
31	44	17	64.495324	3.793843	13.804650	34.671300	59.254000	68.507300	75.800100	79.189900
32	45	11	73.962618	6.723874	5.821154	60.883600	73.043050	76.689600	77.396850	78.553200
33	46	25	57.248388	2.289936	13.085343	35.474800	46.674300	54.979800	68.627600	78.806500
34	47	32	71.650281	2.239071	9.538678	43.979900	70.980600	76.207600	77.116175	80.226600
34	48	12	77.061458	6.421788	5.437983	60.708300	77.209200	78.898300	79.755575	80.683500
34	49	3	67.119567	22.373189	1.589454	65.284300	66.653500	68.022700	68.037200	68.051700
35	50	20	57.503150	2.875158	18.126926	23.490400	44.018550	62.203400	72.363075	75.845500
36	51	18	68.147844	3.785991	15.008633	29.241400	67.920275	74.261400	77.673475	79.044800
37	52	16	67.562550	4.222659	12.538982	28.735400	63.868325	70.703400	75.384500	79.289000
38	53	13	67.318354	5.178335	3.946744	57.277300	66.370400	68.785500	69.932500	70.609400
39	54	22	51.899395	2.359063	17.289306	16.697500	39.602625	54.955350	65.996550	78.599900
40	55	11	65.498791	5.954436	19.430533	20.760500	67.563800	74.972700	76.159450	78.034000
41	56	13	72.966892	5.612838	13.096438	34.843900	77.735600	77.937400	78.259900	78.692200
42	57	31	64.571952	2.082966	11.150706	40.677100	55.106200	68.459900	74.511850	77.771300
43	58	12	63.389967	5.282497	10.714522	43.453500	57.396950	58.771250	74.323050	77.807300
44	59	11	51.628118	4.693465	13.345956	28.880300	45.566250	47.074600	59.712550	77.494800
45	60	19	68.252295	3.592226	15.749584	19.501700	63.545450	75.210900	77.407500	82.098500
46	61	2	64.745000	32.372500	0.631164	64.298700	64.521850	64.745000	64.968150	65.191300
46	62	2	64.841350	32.420675	14.658253	54.476400	59.658875	64.841350	70.023825	75.206300
46	63	13	73.871954	5.682458	8.793357	45.552500	75.824500	77.064000	77.098700	78.560800
46	64	14	77.002914	5.500208	4.134531	67.046000	77.049725	78.542300	79.691675	80.591300
47	65	12	69.269692	5.772474	10.926296	49.961600	66.037825	72.814600	77.903550	79.338200
48	66	38	63.025118	1.658556	14.058547	19.096100	53.169850	65.692200	74.036375	80.752700
49	67	105	71.167070	0.677782	11.569955	17.832100	66.102700	76.500100	78.340100	81.368600
50	68	24	76.195771	3.174824	3.719101	65.090800	75.657300	77.317250	78.634250	79.260700
50	69	2	76.627450	38.313725	0.904602	75.987800	76.307625	76.627450	76.947275	77.267100
50	70	71	74.492604	1.049192	6.923362	34.043000	74.382650	76.160700	77.666600	80.187400
50	71	4	58.016825	14.504206	18.400387	33.345800	49.273325	63.128100	71.871600	72.465300
51	72	46	70.559511	1.533902	11.688151	34.327100	66.913225	74.491550	77.923425	81.278700
52	73	71	72.697369	1.023907	7.069725	54.120300	69.801450	76.211900	77.817900	79.564700
53	74	15	67.877080	4.525139	9.411237	52.833900	60.975500	69.360200	76.887950	79.108100
54	75	25	57.214700	2.288588	15.675187	21.091500	50.169000	58.046700	69.018600	79.500800
55	76	29	68.874221	2.374973	13.033560	20.770100	64.208100	75.736900	76.357300	80.869600
55	77	10	68.140680	6.814068	4.968663	63.079200	64.332125	66.416450	70.803625	76.685000
55	78	10	69.407380	6.940738	7.600536	57.565900	63.198900	72.749300	75.663200	76.745400
55	79	20	59.657530	2.982876	19.102166	21.610300	51.286350	66.845000	75.043700	76.866300
56	80	14	77.246200	5.517586	1.878897	73.380000	76.957575	77.547450	78.270850	79.691800
57	81	21	67.517814	3.215134	7.116821	51.443500	64.833700	69.878600	71.444400	78.701600
58	82	19	55.481532	2.920081	20.559341	20.408700	42.617000	61.655900	69.262150	79.700500
59	83	67	71.415219	1.065899	9.684057	33.513600	69.177350	73.960800	77.349150	80.995100
60	84	54	75.745611	1.402697	7.889291	39.247100	77.045875	78.042750	78.859600	80.389400
61	85	17	54.625612	3.213271	19.558205	12.925600	40.828700	53.554200	75.775800	79.270600
62	86	20	54.182630	2.709132	15.763079	22.346700	41.741975	54.937300	65.266800	79.546900
63	87	12	73.177933	6.098161	11.840578	46.693300	76.170125	77.951500	79.328125	80.279700
64	88	20	71.998040	3.599902	6.500115	50.438900	69.263625	73.010000	75.652800	79.319900
65	89	18	70.218367	3.901020	7.076529	57.304600	66.472475	70.408600	77.064300	78.589600
66	90	11	76.377682	6.943426	3.706323	67.004000	75.051350	77.860800	78.622100	80.439900
67	91	16	68.871481	4.304468	2.750015	65.008100	67.011800	68.105600	70.721875	75.238500
68	92	11	67.777409	6.161583	13.444390	46.015400	52.985850	74.773600	78.684700	79.480400
69	93	17	62.518806	3.677577	16.016098	34.046800	53.079400	69.149400	76.827800	79.262900
70	94	13	57.545485	4.426576	19.169438	11.947100	53.017100	65.393100	70.514300	74.745100
71	95	17	62.934765	3.702045	10.537089	45.610800	55.025000	69.225100	70.569500	75.124000
72	96	63	67.875330	1.077386	11.549417	35.578600	63.048750	70.153200	77.408450	80.837800
73	97	35	40.141171	1.146891	8.764754	17.660000	35.171450	39.948500	44.882800	61.155900
74	98	11	77.677955	7.061632	2.243283	71.229000	77.958700	78.298400	78.789300	79.150400
74	99	6	68.028050	11.338008	8.697408	53.630000	65.375675	67.886350	74.609400	77.376400
75	100	11	72.057573	6.550688	6.170404	60.814300	69.972400	73.391000	77.185650	78.586100
76	101	18	70.575089	3.920838	15.690236	25.205900	73.130825	77.434250	79.015100	80.663100
77	102	18	71.211533	3.956196	10.923089	38.116800	72.126400	75.434400	77.343175	79.149000
78	103	111	74.914422	0.674905	10.002455	21.033300	75.363250	77.856800	78.963600	80.546500
79	104	48	69.639077	1.450814	10.837726	38.492800	68.195225	73.175400	77.668650	79.061800
80	105	17	53.489282	3.146428	15.098831	30.207600	44.594200	49.940900	66.662800	79.037000
81	106	5	60.168460	12.033692	17.243306	43.776400	45.024000	55.221200	77.615500	79.205200
82	107	22	70.722541	3.214661	14.284044	10.932100	70.096200	74.813300	77.206625	79.442900
83	108	15	69.274680	4.618312	17.031554	33.343200	66.352350	78.322000	78.997100	81.116700
84	109	42	75.936571	1.808014	4.961478	52.038000	76.022300	77.102050	78.224900	81.205100
85	110	13	63.684523	4.898809	15.765933	25.242800	52.703900	70.077800	74.931500	77.214600
85	111	8	56.978538	7.122317	11.673556	39.249300	51.445650	54.632700	62.647500	78.822800
86	112	6	77.366467	12.894411	2.814003	72.112600	76.817500	78.681500	78.993525	79.429500
87	113	41	73.196168	1.785272	6.061410	57.710900	68.390900	74.352400	77.908600	81.460700
88	114	26	74.618627	2.869947	9.912878	41.761300	74.864550	77.474850	79.227225	80.728400
89	115	24	67.959671	2.831653	10.280924	45.850800	59.751200	71.686300	75.567800	79.431400
90	116	22	70.327232	3.196692	8.250997	51.149900	64.194025	73.566500	75.810125	80.562700
90	117	2	65.239600	32.619800	6.649915	60.537400	62.888500	65.239600	67.590700	69.941800
91	118	7	72.721471	10.388782	7.857121	58.542300	69.471250	76.976200	77.822350	78.944600
91	119	8	75.522050	9.440256	3.126217	70.245300	74.461525	75.113550	76.258525	80.961000
91	120	8	64.374850	8.046856	8.568733	46.833300	63.047700	65.107700	69.639300	74.650300
92	121	98	77.241821	0.788182	6.071925	23.095400	76.859925	78.657800	79.509375	81.488500
92	122	11	75.514936	6.864994	6.137952	57.447400	76.229350	76.838300	78.446000	78.835000
93	123	28	71.405093	2.550182	11.474583	34.791400	70.660975	75.432350	78.990175	80.138900
94	124	21	66.217138	3.153197	16.199005	23.418600	64.109800	70.765800	76.295300	81.294200
95	125	24	74.468700	3.102863	6.320269	56.315300	74.065650	77.319100	77.880200	79.698400
96	126	2	78.475450	39.237725	0.650609	78.015400	78.245425	78.475450	78.705475	78.935500
96	127	6	65.550150	10.925025	12.066622	46.188200	58.804075	69.405050	74.880675	76.326300
96	128	16	43.727612	2.732976	20.168883	9.795590	26.574400	43.612550	62.645300	66.204300
97	129	8	58.484313	7.310539	20.058033	31.711900	38.113350	67.368500	75.074400	77.180200
97	130	15	48.628660	3.241911	11.534959	23.433100	45.158700	50.387800	56.679850	63.278000
98	131	6	77.118750	12.853125	2.791069	73.742500	74.615200	77.825300	79.475250	79.749000
98	132	2	69.347250	34.673625	0.241477	69.176500	69.261875	69.347250	69.432625	69.518000
99	133	2	77.069450	38.534725	0.959473	76.391000	76.730225	77.069450	77.408675	77.747900
99	134	2	74.220350	37.110175	6.996892	69.272800	71.746575	74.220350	76.694125	79.167900
99	135	3	68.769833	22.923278	11.927236	55.130200	64.533900	73.937600	75.589650	77.241700
100	136	4	71.293350	17.823338	7.217711	61.689900	68.940525	72.187250	74.540075	79.109000
100	137	2	77.466250	38.733125	0.100621	77.395100	77.430675	77.466250	77.501825	77.537400
101	138	36	74.279433	2.063318	4.257370	62.285100	73.171750	75.775300	77.021150	78.982200
102	139	21	78.570276	3.741442	1.288865	76.633000	77.827300	78.555500	79.658300	80.684600
103	140	35	72.992374	2.085496	10.286973	23.710300	70.508600	77.091100	78.528000	79.970400
103	141	3	73.875367	24.625122	0.416670	73.590600	73.636250	73.681900	74.017750	74.353600
104	142	14	78.338629	5.595616	3.349329	67.923600	78.135675	78.990750	79.828200	81.794200
104	143	5	70.931740	14.186348	20.559221	34.383500	77.636600	78.648500	80.313500	83.676600
104	144	171	74.048872	0.433034	7.691703	34.429700	71.327400	76.738900	79.113400	81.305500
105	145	219	71.734497	0.327555	10.534833	27.193500	65.992100	76.545000	78.790600	81.311600
105	146	26	66.341062	2.551579	10.309113	42.263200	58.469125	68.698350	73.819875	79.988600
105	147	53	67.010300	1.264345	11.036920	39.095800	60.362500	68.893300	76.753800	78.914500
105	148	7	44.696943	6.385278	22.009844	17.241200	27.243950	44.462300	61.011000	74.665200
105	149	24	75.584804	3.149367	10.456796	31.462800	76.196275	77.396100	79.305875	85.122500
106	150	13	64.893831	4.991833	11.541889	51.644000	52.285500	65.265100	77.686400	78.303500
107	151	21	68.514871	3.262613	9.298786	53.245800	59.880000	71.599000	76.556900	79.150000
108	152	18	78.280383	4.348910	3.313110	66.710700	77.981800	79.764800	80.068050	80.677700
109	153	11	67.828255	6.166205	9.760329	46.288400	62.101950	72.605600	73.840700	77.299500
109	154	3	77.237367	25.745789	2.068990	75.611300	76.072950	76.534600	78.050400	79.566200
109	155	3	71.660700	23.886900	4.643775	66.302100	70.236350	74.170600	74.340000	74.509400
110	156	33	62.987452	1.908711	13.426808	34.017400	54.306100	65.948400	75.022700	80.639300
110	157	2	63.514000	31.757000	1.173514	62.684200	63.099100	63.514000	63.928900	64.343800
110	158	4	69.545550	17.386388	1.100515	68.220000	68.931600	69.593850	70.207800	70.774500
111	159	20	66.591835	3.329592	14.486972	39.198000	50.817325	73.877700	78.253375	82.652300
112	160	29	71.837966	2.477171	4.985857	51.066300	69.971100	72.090000	75.294600	77.073700
112	161	75	66.359863	0.884798	12.778950	22.151000	59.887050	71.331200	76.093850	81.020200
113	162	5	61.065820	12.213164	13.762501	41.675000	55.449800	59.816000	72.813200	75.575100
113	163	11	66.962809	6.087528	9.528194	46.840800	63.871700	71.912800	72.552400	75.462700
114	164	10	53.631813	5.363181	20.009835	4.855230	51.601425	57.495850	65.251750	74.915700
115	165	8	64.430013	8.053752	8.824193	46.754700	62.055900	65.539200	70.209325	75.301700
116	166	19	66.314547	3.490239	13.537082	42.789400	54.619400	75.951500	77.248550	78.705300
117	167	10	71.944470	7.194447	17.782395	22.619900	75.280350	78.639900	79.530200	80.654000
117	168	25	67.610780	2.704431	9.577634	38.862300	65.704700	69.148000	74.255500	78.132000
118	169	28	73.642050	2.630073	8.387626	37.442800	74.262900	75.643400	77.482625	80.130100
119	170	28	70.141439	2.505051	5.558389	59.857000	66.167875	69.768050	72.934000	80.042700
119	171	2	27.916850	13.958425	6.353708	23.424100	25.670475	27.916850	30.163225	32.409600
120	172	10	75.858760	7.585876	4.870292	63.598400	74.227275	77.626900	79.284775	79.408900
120	173	24	77.663021	3.235959	2.895237	68.724400	77.145700	78.451100	79.564025	80.548600
121	174	22	60.364995	2.743863	10.447847	37.055800	56.938825	63.394650	68.041925	72.799400
121	175	17	63.582494	3.740147	10.351630	44.269700	58.244000	67.037900	71.734600	79.082400
122	176	4	77.960400	19.490100	1.300676	76.947300	76.949400	77.610900	78.621900	79.672500
122	177	16	65.793556	4.112097	13.398392	20.897700	64.744325	67.232750	73.710125	77.410500
123	178	20	71.775340	3.588767	6.797388	54.301800	70.616425	74.111750	75.296050	80.526100
124	179	20	64.225425	3.211271	15.995000	25.390500	56.020500	70.895250	77.516050	79.233800
125	180	12	70.055558	5.837963	9.514892	50.133900	65.295625	73.658250	77.244975	79.051600
126	181	8	51.048375	6.381047	0.956901	49.934200	50.444400	50.612150	51.731575	52.488200
127	182	18	47.094261	2.616348	11.108496	14.996400	46.138225	48.794300	54.144000	59.550900
128	183	41	75.916512	1.851622	6.150129	49.895700	76.175200	77.979400	78.549900	81.352700
129	184	22	75.512077	3.432367	9.858493	32.393600	76.491475	77.515450	79.051925	81.570400
130	185	25	62.708716	2.508349	13.008562	44.715700	50.232000	61.343600	77.410500	79.868600
131	186	9	78.953122	8.772569	2.394015	73.960700	78.024600	79.237300	80.929700	81.432600
132	187	22	66.967555	3.043980	10.845203	45.719700	59.500325	71.254850	74.776325	78.754100
133	188	7	56.984243	8.140606	15.539521	37.948700	42.360450	64.739100	68.340000	74.801000
133	189	26	67.859746	2.609990	9.719680	46.097500	62.587075	71.604700	74.538400	79.740000
134	190	13	70.691023	5.437771	9.925936	52.938700	62.001000	76.800100	77.957800	78.900800
134	191	4	49.316975	12.329244	24.711531	12.676500	46.074825	59.130850	62.373000	66.329700
135	192	11	75.544464	6.867679	3.477170	69.938700	72.752150	76.412200	78.381650	79.856800
136	193	15	77.205773	5.147052	6.904437	52.816600	78.676800	79.055000	79.555300	80.513900
137	194	12	73.165917	6.097160	5.815271	58.721300	71.015400	74.611950	76.376500	79.786400
138	195	7	78.522957	11.217565	1.736514	75.456100	77.959550	78.960600	79.369350	80.586200
139	196	29	68.843890	2.373927	11.625346	30.300000	60.512900	73.452500	77.339300	80.452700
140	197	10	68.810420	6.881042	14.491402	30.751500	67.121325	75.294650	77.317475	77.896300
140	198	9	75.447200	8.383022	2.858244	69.827200	73.253500	76.158100	77.255800	78.698500
141	199	26	77.415596	2.977523	2.152148	71.954500	75.581800	77.806200	79.242925	80.192100
142	200	27	77.556904	2.872478	5.438437	50.949500	77.588250	78.162000	79.575700	80.668400
143	201	38	42.018992	1.105763	9.020768	21.027500	37.252950	40.204550	46.453175	58.623000
144	202	16	78.320556	4.895035	2.510029	69.665100	78.049925	79.050000	79.661825	80.156100
145	203	20	55.694920	2.784746	19.387129	19.010400	43.141700	63.938150	69.619550	74.605700
146	204	23	60.301830	2.621819	13.518729	37.157800	47.946850	67.496900	71.070800	77.509400
147	205	12	79.210242	6.600853	1.180093	76.313700	78.563050	79.608850	80.108350	80.333700
148	206	19	75.020816	3.948464	9.151109	42.663800	74.663800	78.794900	79.752050	81.399600
149	207	9	75.599100	8.399900	4.920002	67.139600	75.032900	77.918400	78.708800	79.623600
149	208	2	76.138250	38.069125	0.897813	75.503400	75.820825	76.138250	76.455675	76.773100
150	209	22	56.450582	2.565936	12.392747	35.234100	47.396625	56.025300	65.421825	75.115600
151	210	13	60.289577	4.637660	13.186211	33.207400	53.515400	58.961200	72.261500	74.907600
152	211	2	52.366950	26.183475	19.736270	38.411300	45.389125	52.366950	59.344775	66.322600
152	212	66	70.676495	1.070856	7.534518	41.895900	66.311900	73.644950	75.779550	80.731600
153	213	6	69.713417	11.618903	6.450289	58.950600	66.469650	72.684400	74.342525	74.667800
153	214	63	70.712516	1.122421	9.339820	46.434900	67.830200	73.773300	76.911600	81.246400
154	215	5	69.117360	13.823472	4.305346	65.793300	66.830300	66.830300	69.792100	76.340800
154	216	6	73.781250	12.296875	2.982733	68.211900	73.165350	75.035600	75.585475	76.093700
155	217	7	74.848257	10.692608	2.049001	72.891200	73.208850	74.257000	76.182650	78.006600
156	218	9	75.478311	8.386479	7.154066	57.699100	74.734700	78.187300	79.157800	80.487000
156	219	16	79.433238	4.964577	1.992905	75.285300	79.998450	80.155950	80.313825	81.419600
157	220	6	76.266217	12.711036	6.475587	63.133100	77.959175	78.691950	79.326775	79.827000
157	221	8	69.338200	8.667275	17.602541	35.087200	67.323925	79.334250	79.620300	79.853400
158	222	6	63.679667	10.613278	9.651573	50.683800	57.090225	64.608950	69.434575	76.549200
158	223	4	74.254500	18.563625	8.876675	61.047300	73.076925	78.144600	79.322175	79.681500
158	224	12	74.668492	6.222374	5.725025	63.512900	70.788000	75.781650	79.334550	81.253900
159	225	23	76.695209	3.334574	2.851327	70.789100	75.392600	77.285500	78.272150	81.370800
160	226	22	74.585359	3.390244	12.890289	18.340600	76.057475	77.586150	79.158625	80.946200
161	227	23	73.808309	3.209057	11.544865	37.874200	76.445500	78.255900	78.939250	81.849900
162	228	13	75.936777	5.841291	4.239835	62.939600	75.257000	76.686900	78.275600	80.134100
162	229	29	75.936369	2.618495	4.036601	65.009300	74.413400	77.353600	78.561800	79.984900
163	230	31	78.795413	2.541788	1.356959	75.913600	78.049450	78.926000	79.928750	80.436500
164	231	18	71.565044	3.975836	5.863359	58.306500	68.846700	69.765450	76.832000	80.893700
164	232	3	79.290333	26.430111	0.453298	78.987700	79.029750	79.071800	79.441650	79.811500
165	233	18	76.634167	4.257454	5.799986	58.116700	77.056375	78.359250	80.172325	81.230000
166	234	16	78.736625	4.921039	1.701717	75.466100	77.684725	78.708250	80.183975	80.826400
166	235	5	62.464560	12.492912	4.964841	53.954800	62.668400	63.828500	65.631300	66.239800
166	236	5	72.343960	14.468792	1.564814	69.704700	72.404400	72.791200	72.989400	73.830100
167	237	19	74.770589	3.935294	9.897725	34.367400	76.280050	77.016600	77.931650	79.214600
167	238	5	64.779260	12.955852	11.976242	43.892800	66.806900	68.059100	71.776200	73.361300
167	239	4	46.621400	11.655350	15.633483	29.412600	35.361675	48.418500	59.678225	60.236000
168	240	18	67.418544	3.745475	10.382540	37.422300	61.949975	69.684350	75.222325	78.798500
169	241	2	69.082250	34.541125	12.087495	60.535100	64.808675	69.082250	73.355825	77.629400
169	242	8	60.094212	7.511777	14.769197	45.942700	47.248175	55.171350	76.310750	77.619400
169	243	5	60.639240	12.127848	5.123583	52.089400	59.583400	63.721100	63.824100	63.978200
169	244	5	65.019520	13.003904	2.611746	63.051700	63.827400	64.225200	64.394500	69.598800
170	245	17	71.341165	4.196539	6.000827	61.816200	64.470700	72.974900	76.186100	79.745300
171	246	19	71.317395	3.753547	8.409277	42.430600	68.689150	74.658900	76.138250	78.921500
172	247	25	70.321736	2.812869	9.585532	41.832400	66.362300	71.304300	78.227000	80.348500
172	248	15	76.116340	5.074423	4.761567	66.740600	74.692650	78.609400	79.237500	79.695500
173	249	16	66.360425	4.147527	11.949664	42.974800	60.517150	69.970750	75.876850	80.416500
173	250	19	64.253637	3.381770	11.910695	29.909400	61.490350	65.994100	71.291100	79.682900
174	251	31	74.555481	2.405016	5.913618	59.009100	73.840750	76.100600	78.142850	81.132900
175	252	21	66.800610	3.180981	15.692678	29.646800	58.580300	75.479000	77.714900	80.331800
176	253	14	55.774093	3.983864	9.449109	39.850600	49.243675	56.077100	61.499150	74.479000
177	254	14	77.651950	5.546568	1.992956	74.031600	76.755675	77.632850	78.980175	81.712500
178	255	21	77.141686	3.673414	4.991693	65.079200	77.517200	79.308100	79.996300	80.080500
179	256	22	78.983105	3.590141	2.595387	72.990700	77.546275	79.848950	80.666500	81.889400
180	257	15	78.713253	5.247550	2.619337	70.169600	78.464750	79.376900	80.307900	80.841400
181	258	17	47.157676	2.773981	8.762437	29.305400	41.953900	46.650600	51.193800	65.889600
182	259	19	50.825737	2.675039	14.373360	28.180700	37.618200	57.531600	63.757350	68.137700
183	260	78	75.778749	0.971522	5.355541	54.635800	74.676375	77.026050	79.620225	82.328500
184	261	56	77.063296	1.376130	3.515646	66.294100	76.295650	78.141600	79.497375	81.848400
185	262	9	64.102156	7.122462	4.499935	56.782300	60.913600	65.021300	68.468500	69.026600
185	263	13	74.906862	5.762066	3.687238	68.441400	71.776900	75.970200	77.909800	79.336500
186	264	10	63.919530	6.391953	7.832079	57.745700	58.096225	60.216850	66.113475	80.061700
187	265	30	79.037630	2.634588	2.864878	69.387500	78.445125	79.872900	80.887175	82.333000
188	266	39	75.168251	1.927391	4.875922	64.252500	72.804550	76.548600	79.150750	81.094800
189	267	13	73.179585	5.629199	12.343002	42.543700	72.564300	78.956600	79.433000	82.158100
189	268	92	77.769554	0.845321	3.187498	55.178600	76.709825	78.428100	79.360225	81.135800
190	269	27	75.595904	2.799848	7.996504	51.274500	77.019500	78.722100	79.703950	81.937500
190	270	2	71.218400	35.609200	3.188910	68.963500	70.090950	71.218400	72.345850	73.473300
191	271	11	76.536745	6.957886	5.850048	59.734400	77.061800	78.195100	79.538950	79.895800
192	272	4	61.913425	15.478356	0.949718	60.995800	61.300300	61.745500	62.358625	63.166900
192	273	9	74.041456	8.226828	2.780239	67.248900	73.855600	74.444600	75.016300	77.162200
193	274	9	76.915789	8.546199	2.989584	72.451800	75.141800	77.884700	78.325900	80.775600
194	275	40	77.190467	1.929762	5.047483	51.502400	76.615500	78.931300	79.539850	81.784600
195	276	31	80.131945	2.584901	1.728251	75.675900	79.215100	80.476200	81.598250	82.189500
196	277	4	75.796000	18.949000	4.694817	68.934600	74.734650	77.520700	78.582050	79.208000
196	278	6	78.325367	13.054228	0.540484	77.276700	78.302600	78.514050	78.658450	78.708700
197	279	9	77.126244	8.569583	3.571060	70.106300	74.675100	78.620100	79.790400	80.400100
198	280	13	63.411823	4.877833	9.394589	42.627700	61.863800	63.836800	68.505200	75.697400
198	281	3	55.888000	18.629333	30.790968	20.597200	45.194250	69.791300	73.533400	77.275500
199	282	12	66.786800	5.565567	7.958470	56.034100	62.417250	64.857750	71.962650	79.632300
200	283	17	79.445988	4.673293	1.868951	75.150900	78.116600	79.800000	81.166600	81.552600
201	284	13	75.056092	5.773546	7.908453	52.962000	74.407700	77.844700	79.377400	80.388300
202	285	9	73.641933	8.182437	9.260049	51.698500	71.614100	78.249300	79.254700	79.734900
203	286	14	76.326036	5.451860	9.169022	50.755800	78.532075	81.023150	81.271700	81.465400
204	287	24	73.149150	3.047881	8.227784	41.580200	72.310700	74.633700	77.340650	80.520300
205	288	15	72.139387	4.809292	11.495226	34.993300	70.100500	75.355500	79.400200	80.137800
205	289	2	47.032850	23.516425	8.100827	41.304700	44.168775	47.032850	49.896925	52.761000
206	290	12	70.843742	5.903645	3.597823	62.380900	69.679950	72.316150	73.369200	73.753400
207	291	14	61.949964	4.424997	12.046815	50.088400	51.000325	59.241850	71.690625	79.125500
208	292	22	65.726859	2.987585	15.060114	34.454300	64.019050	69.212500	77.285600	79.568000
209	293	38	77.137450	2.029933	6.266960	43.794800	77.308350	78.172600	79.750150	82.312200
210	294	62	74.479418	1.201281	11.377089	8.398740	74.479775	78.857150	80.189300	82.081400
211	295	14	77.097950	5.506996	2.278975	73.598300	75.366175	76.890950	78.829150	80.695100
212	296	17	64.760994	3.809470	18.256020	24.557700	60.764800	74.313500	77.055500	79.239200
213	297	58	73.221710	1.262443	8.910584	36.865200	73.604350	76.037650	78.363925	80.435000
214	298	16	68.664075	4.291505	11.920438	40.337100	63.050100	72.522200	77.239250	79.584800
214	299	52	62.121198	1.194638	14.856751	29.359400	50.344525	67.915900	73.940200	78.708000
215	300	8	71.415312	8.926914	8.866860	55.787700	64.777425	76.663900	77.718050	78.632100
215	301	3	75.737100	25.245700	2.871376	72.421700	74.893300	77.364900	77.394800	77.424700
216	302	12	64.786042	5.398837	6.472208	51.421600	62.005175	63.378800	68.532650	75.028700
217	303	26	76.624477	2.947095	5.262144	61.122300	77.036600	78.037300	79.376550	80.793700
218	304	29	75.551162	2.605212	8.268757	40.451700	76.329600	77.966300	78.940000	80.789500
219	305	23	75.737635	3.292941	5.831193	61.794700	76.655000	78.055800	78.912150	80.786900
220	306	17	78.954294	4.644370	1.430798	75.673600	78.814200	79.381400	79.789500	80.649500
221	307	23	71.018283	3.087751	12.288363	36.622300	67.357600	77.247300	79.089000	80.127600
221	308	6	71.532100	11.922017	6.364747	60.619100	68.938800	74.189900	75.025225	77.701600
222	309	18	76.785967	4.265887	5.437675	56.299300	76.822350	78.116100	79.188475	80.079800
223	310	12	47.409833	3.950819	8.114425	33.418800	45.702900	48.519650	52.302150	61.479900
224	311	21	32.270900	1.536710	10.913738	7.143490	27.117500	30.857400	35.727300	58.434200
225	312	13	74.021246	5.693942	4.889469	66.063200	69.208400	74.232200	78.384300	81.362300
226	313	12	76.405242	6.367103	3.962562	70.004200	73.843700	76.079300	80.680400	81.017100
227	314	2	54.188750	27.094375	3.300421	51.855000	53.021875	54.188750	55.355625	56.522500
227	315	3	52.237500	17.412500	6.307414	46.922800	48.752500	50.582200	54.894850	59.207500
227	316	17	65.570518	3.857089	9.529363	44.717300	58.756300	66.798300	71.938600	77.641300
228	317	2	78.027550	39.013775	0.841952	77.432200	77.729875	78.027550	78.325225	78.622900
228	318	14	58.218621	4.158473	8.634301	50.639900	51.060375	55.932250	60.999325	76.200400
229	319	10	77.684860	7.768486	3.038790	70.152900	77.042400	77.971150	79.729475	80.462400
230	320	8	76.295450	9.536931	3.063753	69.247300	75.781600	77.285800	78.286225	78.469800
231	321	17	65.569441	3.857026	12.937511	51.493900	53.742500	58.228700	80.350100	80.907900
232	322	17	64.839353	3.814080	11.040286	45.685700	55.550000	65.565700	76.008800	80.509600
233	323	15	76.847327	5.123155	4.312340	68.506200	75.955400	78.965100	79.501050	80.825900
234	324	18	78.552194	4.364011	1.715657	75.134100	77.766200	78.381050	79.731500	80.896300
235	325	46	77.786109	1.691002	2.448555	70.119300	76.400825	77.812900	78.932250	81.826000
236	326	45	75.964124	1.688092	2.713525	69.205900	74.175800	75.660700	78.516400	80.477100
237	327	17	72.501553	4.264797	4.918858	64.268000	68.552000	75.067100	76.100500	78.542700
238	328	16	76.472925	4.779558	3.861841	68.467500	75.339975	77.058350	78.790050	81.173300
239	329	13	74.861846	5.758604	8.096530	49.590900	75.961900	76.805500	79.019400	79.743700
240	330	20	78.378105	3.918905	4.136126	62.588000	77.957000	78.989000	80.935650	81.477900
241	331	14	72.425929	5.173281	10.754535	45.413000	73.977025	76.834450	78.168250	79.812200
242	332	11	77.771664	7.070151	5.754054	60.551800	79.055350	79.402400	79.815900	80.830100
243	333	11	79.419200	7.219927	2.450447	73.479700	79.416900	80.395000	80.876550	81.231800
244	334	19	71.061747	3.740092	10.589201	48.172300	59.735700	75.335700	79.505750	81.789300
245	335	57	72.910698	1.279135	7.837618	48.605600	70.975500	74.921900	78.408600	82.388300
246	336	17	77.878918	4.581113	1.199709	74.935900	76.886000	78.096800	78.666800	79.366300
247	337	18	78.618378	4.367688	0.730393	77.565900	77.986975	78.469550	79.296325	79.584000
248	338	21	78.641119	3.744815	2.096827	75.186700	77.269800	79.479600	79.604100	81.890400
249	339	25	78.340860	3.133634	2.152032	73.941700	76.439700	79.262300	79.823500	80.774900
250	340	8	73.225413	9.153177	7.696010	54.936900	73.304300	75.429800	77.685850	78.054800
251	341	11	76.795591	6.981417	1.269878	74.118900	76.114250	76.768900	77.991600	78.164200
252	342	17	41.130529	2.419443	5.342443	27.483300	38.905900	41.377600	43.156400	52.439300
253	343	12	44.053633	3.671136	1.930240	40.228600	43.330200	44.431000	45.290700	46.633800
254	344	14	74.254764	5.303912	6.570483	60.438800	70.937700	77.585350	78.350425	79.568200
255	345	13	75.525323	5.809640	5.925270	58.941900	76.881800	77.526200	78.562800	79.219000
256	346	16	78.992269	4.937017	0.908475	77.543400	78.276500	79.022300	79.614200	80.770000
257	347	8	78.013225	9.751653	1.135176	75.466400	77.925375	78.367200	78.627800	79.007900
257	348	11	72.904700	6.627700	6.467253	61.377700	69.209400	74.922600	77.945200	80.281000
258	349	12	77.987700	6.498975	0.885819	76.309200	77.511650	77.748100	78.538525	79.493200
259	350	17	71.415259	4.200898	16.268629	22.309800	76.653800	77.640400	78.161200	81.228200
260	351	16	77.468038	4.841752	1.562727	74.730000	76.344550	77.241500	78.810600	80.081800
261	352	22	73.235377	3.328881	6.697620	51.109900	71.309850	75.799950	77.160475	79.261800
262	353	15	79.461353	5.297424	1.744513	74.075000	79.155750	79.739700	80.461750	81.076700
263	354	25	76.370656	3.054826	6.759539	50.019900	75.042000	78.523300	79.973700	82.534200
264	355	16	46.954256	2.934641	12.794558	35.167400	37.277475	44.206250	47.366225	75.034500
265	356	13	42.531538	3.271657	6.690448	36.302300	39.688000	40.736400	44.485400	61.932600
266	357	223	63.104023	0.282978	15.341735	8.200600	55.297700	67.083200	75.581000	82.819800
266	358	199	62.392530	0.313530	14.895187	14.191300	52.171200	65.908000	75.276100	81.037400
266	359	227	63.707857	0.280651	15.444392	14.640000	54.271200	68.624400	77.436300	82.092700
266	360	130	55.616799	0.427822	16.369844	7.436800	49.595325	60.040250	68.261375	78.316500
266	361	131	64.946796	0.495777	15.943165	5.636390	60.053300	70.733000	75.917900	80.830300
266	362	109	66.619773	0.611191	13.954485	13.184500	61.391800	72.285700	76.589200	80.400300
266	363	138	68.073746	0.493288	13.665542	15.810100	64.059475	72.954350	76.550250	82.326200
266	364	201	71.383796	0.355143	11.316790	20.650700	69.029000	75.002600	78.612700	81.361100
266	365	86	58.463616	0.679809	14.201788	15.543300	50.393225	62.253500	69.753975	77.541200
266	366	152	61.579716	0.405130	17.000750	14.384000	48.632700	66.424800	77.043925	80.100500
266	367	516	65.068032	0.126101	14.378643	10.807800	59.938925	69.691150	75.838725	81.198300
266	368	85	66.233313	0.779215	13.729358	17.847800	57.680400	71.263700	77.394300	79.715800
266	369	40	65.241262	1.631032	10.431658	43.162200	58.577050	68.385350	72.281400	78.560100
266	370	56	70.276271	1.254933	8.920234	47.160000	63.918325	72.800100	77.509600	80.620000
266	371	424	64.916431	0.153105	14.695202	9.706590	60.358650	69.436200	75.896575	81.535500
266	372	263	60.806187	0.231202	16.779311	7.723550	51.670700	64.957200	74.017900	82.938100
266	373	126	53.355712	0.423458	15.040242	9.314400	43.313975	54.728550	64.807550	78.040500
266	374	120	57.482753	0.479023	17.356161	8.925110	48.170150	61.513800	71.718650	80.822800
266	375	285	59.619066	0.209190	15.779233	10.621200	50.783100	63.643300	72.071600	80.220700
266	376	183	60.549518	0.330872	16.415851	8.818040	46.770550	64.516800	75.484600	83.797300
266	377	126	56.025321	0.444645	15.459374	4.852670	43.438350	59.862550	68.422775	84.391900
266	378	85	57.825105	0.680295	17.644750	7.645550	50.771600	60.208600	72.219500	81.531400
266	379	114	33.306517	0.292162	12.618765	5.611460	26.211025	33.158800	39.487850	76.832500
267	380	209	68.742948	0.328914	11.902944	22.619900	63.773300	71.924900	77.921000	81.230000
267	381	422	72.219634	0.171137	10.012995	27.193500	68.658200	76.645000	78.699150	81.311600
267	382	362	72.578423	0.200493	10.626446	20.770100	70.089200	77.212050	78.833975	81.849900
267	383	62	67.547937	1.089483	9.514856	25.242800	63.101125	68.612250	74.847325	79.429500
267	384	231	73.296468	0.317301	8.339428	34.843900	71.384700	76.684600	78.464850	81.352800
267	385	244	73.492060	0.301197	9.232057	17.832100	72.218275	76.948650	78.590050	81.368600
267	386	343	76.156166	0.222030	6.592190	8.398740	75.596550	78.044800	79.620850	82.328500
267	387	453	76.946098	0.169859	5.738207	18.340600	75.538700	78.630600	79.756900	82.333000
267	388	69	62.687333	0.908512	13.179435	20.597200	55.974600	64.984500	73.835300	79.274800
267	389	659	72.607186	0.110178	11.229882	21.033300	72.232600	77.561600	79.074500	82.652300
267	390	630	72.380109	0.114889	9.894456	19.501700	69.184125	76.717200	78.555600	82.158100
267	391	224	71.391136	0.318710	9.245010	27.082200	68.977975	74.986250	77.356225	80.279700
267	392	67	70.814376	1.056931	9.699335	38.411300	66.274550	74.715000	77.373550	79.984900
267	393	204	76.884917	0.376887	3.677554	55.178600	75.617475	77.593350	79.062525	81.826000
267	394	303	67.457718	0.222633	11.973852	17.241200	62.614850	72.012100	75.975950	81.246400
267	395	373	69.945713	0.187522	11.086899	10.932100	65.994100	74.162500	77.765100	81.789300
267	396	276	59.536149	0.215711	15.539642	12.685300	49.362325	62.908650	72.977075	79.700500
267	397	376	66.344365	0.176448	12.648504	4.855230	59.207425	70.670800	76.405075	81.019600
267	398	312	70.104483	0.224694	11.636836	20.897700	65.134075	75.130100	77.991750	81.477900
267	399	342	66.585575	0.194695	14.682868	10.129400	59.405025	72.869850	77.184825	81.419600
267	400	245	66.999422	0.273467	14.556489	16.697500	64.127000	71.848100	76.370200	85.122500
267	401	339	70.622656	0.208326	11.198568	19.096100	67.279000	74.629800	78.285400	81.305500
267	402	273	43.359690	0.158827	12.220698	7.143490	35.104100	43.209000	50.859000	74.332700
