TF_name	Overlapping	TF_overlap_cluster
CBX5	7	0;1;4;42;91;323;324
ZBTB49	2	121;293
ETV3	2	121;226
FOXC1	15	0;4;35;46;50;65;66;90;94;95;164;165;176;177;178
NR2F2	4	4;90;323;324
TLX2	13	0;1;4;5;42;91;227;234;237;239;252;253;341
ERF	9	1;3;11;138;247;248;249;250;332
LHX6	16	0;1;4;5;6;42;43;57;60;89;90;91;92;93;125;284
POU3F2	13	0;1;5;6;44;85;90;91;94;95;104;166;263
RUNX1	14	1;3;11;14;73;123;124;192;203;204;258;259;297;313
TFAP2A	9	15;121;122;205;228;229;230;260;261
SP1	19	15;121;122;142;143;144;145;146;147;148;149;201;205;267;268;310;311;325;326
BHLHE41	4	15;335;353;354
BCL6B	14	0;1;4;8;18;56;57;87;95;118;119;120;333;334
JDP2	5	15;33;328;349;350
POU5F1B	4	13;14;53;67
FOXJ1	15	0;3;4;9;18;41;42;57;72;87;88;93;118;119;120
RARB	5	32;327;328;349;350
TFAP2C	6	121;122;205;228;229;230
ESR1	6	19;121;122;205;206;207
PAX5	4	121;122;267;268
GSX2	15	1;5;6;18;40;42;43;57;89;90;91;193;210;315;316
ELK1	5	121;267;268;325;326
ATF1	6	15;33;327;328;349;350
EBF1	8	121;122;205;228;229;230;293;294
HOXC8	11	5;8;18;40;57;91;94;95;314;315;316
PAX6	6	0;1;3;84;223;224
STAT6	4	0;2;109;254
RFX3	3	121;122;205
TCF7L1	4	3;83;218;219
SMAD3	4	32;328;349;350
ZBTB16	7	4;42;44;85;90;102;187
ATF4	7	4;43;59;80;85;91;166
MAX	4	15;121;122;205
NR2C2	4	121;266;338;339
NKX2-2	9	1;4;43;90;91;202;237;239;252
IRF7	7	1;13;16;55;211;212;214
NR5A1	8	2;11;218;219;221;222;223;224
ZSCAN4	6	305;306;335;336;353;354
MEIS1	19	1;3;11;20;21;22;23;36;37;38;39;123;124;203;204;259;313;342;343
RAX	15	0;1;5;6;7;42;43;57;89;90;93;215;216;300;302
HOXB8	10	0;4;5;18;40;51;57;88;95;200
MYOD1	7	15;121;122;205;228;229;230
RARA	5	15;19;121;122;205
ARHGEF12	1	323
TBX15	22	0;3;14;20;21;23;24;25;26;27;28;29;30;31;123;124;258;259;312;313;342;343
MLX	3	1;185;186
MTF1	5	15;32;327;328;349
SOX10	6	0;1;3;11;247;248
VDR	7	15;121;122;205;275;276;339
FOXB1	15	0;3;11;20;21;22;23;123;124;203;245;312;313;342;343
POU2F3	4	13;14;53;67
TCF4	2	103;152
REST	8	15;121;122;205;228;229;230;294
ZNF35	18	0;1;3;4;5;35;42;43;50;81;82;90;91;101;102;165;177;178
HES7	5	152;159;277;278;279
FLI1	16	15;121;122;142;143;144;145;146;147;148;149;201;267;268;325;326
TFAP2E	2	121;230
TGIF2	4	33;327;328;350
RREB1	7	121;122;205;228;229;230;260
HOXB13	8	0;1;4;5;6;42;196;323
EGR1	6	15;32;33;328;349;350
HOXA6	11	4;8;18;40;42;43;91;193;315;316;318
POU2F2	4	13;14;53;67
PRDM4	2	15;356
MAF	5	32;199;283;319;320
NR6A1	3	121;351;352
BACH1	5	0;12;186;286;287
GRHL1	10	4;9;43;57;88;89;91;92;307;309
HOXA9	15	0;1;3;4;5;35;82;90;91;94;95;166;179;180;264
HOXC9	10	4;5;18;40;87;90;94;95;108;200
IRF2	9	1;4;42;59;66;86;169;174;175
RELA	6	121;228;229;230;293;294
SOX4	4	16;55;213;214
VAX2	16	0;1;5;6;8;9;42;43;57;88;89;90;91;92;108;156
PROX1	1	199
NOTO	12	0;7;43;88;89;91;92;93;153;154;155;156
IRX5	10	1;8;18;88;90;108;209;307;308;309
ELF3	9	1;3;11;138;247;249;250;331;332
CEBPD	4	14;53;162;163
SRF	5	1;3;113;185;186
FOXP1	10	1;3;11;13;17;54;55;67;140;141
EGR3	3	32;328;349
HIC1	9	15;121;122;201;205;267;268;325;326
ZIC2	4	121;205;207;208
LMX1A	21	0;1;5;6;8;10;18;52;56;57;87;89;91;93;94;95;200;209;210;288;289
SOX8	9	0;1;3;11;113;185;186;286;287
PRRX1	29	0;1;4;5;6;7;8;10;18;42;43;51;52;57;87;88;89;90;91;92;93;153;154;155;156;157;158;209;210
ZNF628	1	254
ETS2	10	0;3;11;13;14;53;67;68;70;71
NFE2	6	11;12;96;113;185;186
FOXO6	2	199;283
POU3F4	14	0;1;4;5;6;90;91;94;95;237;238;239;252;340
RXRG	4	121;122;338;339
RARG	5	121;122;205;206;207
MEIS3	7	121;205;230;293;294;351;352
NKX2-1	4	3;113;185;186
RUNX3	2	15;199
GMEB2	5	65;74;164;272;273
NFE2L2	7	0;1;11;12;247;248;332
ZNF652	3	32;349;350
FOXF1	9	0;18;42;43;64;90;112;344;345
TBR1	6	3;64;90;112;125;344
EWSR1	8	15;121;122;201;267;268;325;326
ZNF219	13	15;121;122;142;143;144;201;205;267;268;310;325;326
NFE2L1	17	0;11;12;20;21;23;36;38;39;123;124;181;182;203;204;342;343
SOX21	16	1;3;4;42;43;58;59;74;75;76;77;78;79;166;179;180
TGIF1	11	0;4;6;45;85;90;91;95;102;169;194
SPZ1	4	15;32;199;283
ZFX	6	15;121;122;205;206;207
HSF2	1	251
IRF8	15	1;4;35;42;43;85;86;166;167;168;169;174;175;179;180
DMRT2	4	0;42;196;323
KLF4	16	15;121;122;145;146;147;148;149;201;205;267;268;310;311;325;326
ZIC4	1	251
LMO2	5	15;32;103;152;159
SHOX2	25	0;1;4;5;6;7;18;42;43;52;57;87;88;89;90;91;92;93;151;153;154;155;156;157;158
CREB1	9	15;33;305;306;335;336;337;353;354
NFIC	4	121;205;206;207
NR3C1	3	15;251;355
SP3	10	15;121;122;201;205;267;268;310;325;326
TFE3	6	15;32;335;336;353;354
SOX9	7	0;1;3;11;83;221;224
ERG	2	292;321
BHLHA15	3	4;323;324
MYEF2	14	0;1;3;13;17;53;54;55;160;161;162;163;212;214
MGA	20	0;3;14;20;21;23;24;25;26;27;28;29;30;31;124;258;312;313;342;343
MZF1	4	15;32;321;322
RORA	9	0;1;3;11;218;219;221;222;224
HINFP	6	15;32;33;103;152;159
HOXD11	8	6;91;94;240;241;242;243;244
EP300	2	199;283
STAT1	3	121;265;339
XBP1	7	15;33;114;115;269;270;271
ZNF281	7	15;121;122;205;206;207;208
MYCN	3	121;122;205
EHF	6	121;122;205;206;207;208
TFEC	1	109
ZNF75A	6	0;1;3;11;109;255
CEBPA	3	199;283;319
IRX2	10	1;8;18;88;90;108;209;307;308;309
GTF2I	7	15;19;121;275;276;338;339
TFAP4	6	121;122;205;230;293;294
GABPA	5	15;121;257;275;276
ELF5	6	1;3;11;138;331;332
ALX3	17	0;1;4;5;6;42;43;90;91;234;235;236;237;238;239;252;253
NR5A2	2	32;199
OTX2	4	11;12;183;184
GATA4	11	0;1;4;34;74;75;90;91;95;166;169
NR2F1	8	19;121;122;205;228;229;230;293
ZBTB7B	3	336;353;354
CRX	1	199
ATF7	4	15;33;115;271
DLX5	9	1;4;35;43;74;80;90;91;180
ETS1	15	15;121;122;142;143;144;145;146;147;149;201;267;268;325;326
SREBF1	6	1;218;219;221;223;224
STAT5A	18	0;20;21;23;36;37;38;39;124;133;134;135;203;259;312;313;342;343
TCF12	5	121;122;205;206;207
MAFK	8	1;11;12;219;220;221;222;224
RHOXF1	7	1;4;42;43;90;196;323
FOXO4	14	1;3;17;20;21;22;23;123;203;204;312;313;342;343
LBX2	13	0;1;5;42;43;57;89;90;91;125;285;300;301
ZNF384	9	4;56;57;88;285;307;309;333;334
SP8	4	15;32;103;152
ZNF350	3	32;103;152
RXRA	6	121;122;205;206;207;208
TFCP2	2	269;271
PPARG	6	15;121;122;205;206;207
HLTF	3	18;344;345
DLX4	11	4;5;18;42;56;57;90;93;193;314;316
FOXL1	16	0;4;6;9;18;41;57;72;87;88;89;90;91;92;94;95
POU2F1	10	0;1;3;11;13;14;53;54;55;67
NFKB1	8	15;32;103;152;159;277;278;279
NKX3-1	10	35;42;43;50;74;90;102;167;168;195
KLF14	3	32;103;152
GATA5	10	0;4;35;75;90;91;95;98;99;166
FOXO3	16	1;3;13;17;73;123;124;190;192;203;204;259;312;313;342;343
MYC	3	121;122;205
SPIC	19	1;2;3;14;16;17;73;97;123;124;190;204;258;298;299;312;313;342;343
SP4	19	15;121;122;142;143;144;145;146;147;148;149;201;205;267;268;310;311;325;326
NKX2-5	6	121;122;205;206;207;208
KLF12	3	32;103;152
TFCP2L1	2	291;321
MSX1	20	0;1;4;5;6;7;9;18;42;56;57;72;87;88;90;91;93;108;333;334
RFX2	3	121;122;205
SOX15	5	0;1;3;11;332
ZSCAN16	4	42;89;91;112
YY2	1	291
NKX6-1	24	0;1;4;5;6;9;10;18;40;42;43;57;87;88;89;90;91;108;116;117;118;119;120;333
TP53	3	328;349;350
HOMEZ	6	6;18;57;89;151;193
HOXD8	13	0;1;4;6;57;89;91;93;95;125;295;329;330
NR2F6	5	121;122;205;206;207
FOXC2	15	0;4;6;35;46;65;66;90;94;95;105;164;165;177;178
ZIC1	6	121;122;205;267;268;325
RBPJ	1	199
IRF9	15	1;4;42;43;59;85;86;91;166;168;169;174;175;179;180
RUNX2	14	3;14;73;123;124;192;204;246;258;259;297;313;342;343
SIX4	2	114;271
MEF2A	8	0;13;55;160;161;162;163;212
GCM2	2	183;184
ETV5	2	121;226
ZIC3	4	33;251;355;356
HOXC10	14	0;4;5;6;50;81;82;90;91;94;166;178;180;187
PPARA	6	15;121;122;205;206;207
UNCX	29	0;1;5;6;7;8;10;18;42;43;51;52;56;57;87;88;89;90;91;92;93;153;154;155;156;157;158;209;210
MEIS2	3	121;351;352
MSX2	18	1;4;5;7;18;42;43;56;57;89;90;91;92;93;215;216;300;302
IRF1	11	11;13;16;17;54;162;163;211;212;213;214
DMRTC2	6	42;50;82;91;102;107
IRF3	16	1;4;42;43;44;45;85;86;91;166;168;169;174;175;179;180
EGR4	4	32;283;319;320
RXRB	6	121;122;265;266;338;339
LEF1	12	0;1;4;46;59;90;95;166;167;168;169;180
FOXO1	15	3;11;17;20;21;22;23;123;124;203;204;312;313;342;343
THRB	5	121;205;206;207;208
ZNF143	7	15;121;122;265;266;338;339
HNF4A	7	0;1;3;11;96;185;186
TBX4	3	114;115;271
TCF21	2	33;114
GSC	2	12;113
MIXL1	13	1;8;18;56;57;91;93;94;95;150;151;295;296
FOXI1	12	0;4;44;45;47;48;81;82;90;91;95;166
HOXA4	12	0;1;6;56;57;60;91;95;125;126;127;128
ZNF423	3	121;338;339
TAL1	5	121;205;228;229;230
OSR1	1	109
NRF1	7	15;32;33;114;269;270;271
CREB5	6	15;33;114;115;269;271
HOXD12	8	4;91;94;241;242;243;244;303
TBX2	4	121;225;257;339
SOX11	9	4;42;43;91;234;235;236;237;252
FOXJ2	17	0;1;3;11;17;20;21;22;23;123;124;203;204;312;313;342;343
CREB3	4	15;33;269;271
DMRT3	5	34;65;82;95;107
FOXD3	17	0;1;3;4;9;18;41;57;87;88;89;93;95;170;171;172;173
BARHL1	10	1;4;5;42;43;91;253;280;281;282
ZEB1	12	0;1;3;17;73;123;124;192;203;313;342;343
NFATC1	4	121;205;206;207
SOX7	7	0;1;3;11;219;221;224
PHOX2B	16	0;1;4;5;6;42;43;90;91;234;235;237;238;239;252;253
MAFB	6	15;32;327;328;349;350
BPTF	3	11;183;184
HEY1	3	121;122;205
TBX21	20	14;20;21;23;24;25;26;27;28;29;30;31;123;246;258;259;312;313;342;343
SPI1	24	0;1;3;14;16;17;73;97;123;124;181;190;191;192;203;204;258;297;298;299;312;313;342;343
KLF16	4	15;32;103;152
SOX17	17	1;3;4;34;42;43;76;77;78;79;80;81;82;90;91;166;180
EGR2	2	33;199
ID4	2	121;265
POU5F1	14	0;1;3;12;17;73;123;124;190;192;203;258;259;313
TBP	8	0;1;3;11;138;247;248;332
IKZF1	4	121;122;205;206
NR2E1	9	0;1;3;11;113;185;186;286;287
PRRX2	26	0;1;5;6;7;8;18;42;43;57;87;88;89;90;91;92;93;108;153;154;155;156;157;158;333;334
PATZ1	7	33;103;152;159;277;278;279
TGIF2LX	4	121;346;347;348
CTCF	5	15;121;122;205;230
ELF2	3	15;199;283
LHX3	19	0;1;5;6;18;56;57;60;89;90;91;93;94;95;126;127;128;129;130
HNF1A	15	0;1;4;6;9;42;43;51;52;57;72;87;88;91;125
HOXD13	10	0;4;6;42;43;202;234;237;238;253
POU4F3	13	0;1;4;5;40;57;90;91;95;125;284;285;329
TBX1	14	0;4;35;42;43;65;76;77;78;79;80;82;90;91
ARID5B	1	323
GATA3	11	1;4;5;34;74;75;90;91;95;101;169
VSX2	14	0;1;6;43;61;62;63;64;89;90;91;92;110;111
POU6F1	10	0;1;4;5;40;42;57;91;125;193
SPIB	21	1;3;16;17;73;97;123;124;190;192;203;204;245;246;297;298;299;312;313;342;343
HMX1	11	4;5;42;90;91;202;252;253;280;281;282
PHOX2A	12	0;1;5;6;42;90;234;237;238;239;252;253
HAND1	4	327;328;349;350
IRF4	5	1;42;43;303;304
MYB	6	121;122;265;266;338;339
ESRRA	10	2;3;83;84;218;219;221;222;223;224
RFX4	3	121;122;205
ARNTL	6	15;32;335;336;353;354
ELF1	14	3;14;16;17;123;124;203;245;246;258;259;297;312;313
ESRRB	7	2;218;219;221;222;223;224
REL	3	32;103;152
TCF3	9	15;121;122;201;205;267;268;325;326
BACH2	2	199;320
HLX	8	4;18;57;60;90;91;93;95
POU1F1	17	0;1;4;5;6;44;47;48;49;74;75;90;91;94;95;166;179
SOX18	4	3;11;113;185
WT1	7	15;121;122;205;206;207;208
SOX2	10	1;3;11;13;16;54;162;163;213;214
HOXC6	13	0;4;5;18;40;42;43;56;57;60;91;127;128
MEOX2	17	4;5;9;18;40;42;43;56;57;88;91;108;118;119;120;333;334
ARID5A	5	20;21;38;124;182
GSX1	14	5;42;52;57;87;88;93;153;154;155;156;157;158;210
GATA1	9	1;3;16;54;67;68;69;70;71
DLX2	8	4;5;42;58;74;90;100;179
PDX1	19	1;4;5;6;8;9;40;41;42;43;56;57;72;88;89;90;91;116;117
IKZF2	7	0;1;3;11;138;247;248
ATF2	7	4;42;44;91;166;272;273
VAX1	13	1;6;7;8;40;43;57;89;91;193;315;316;318
TBX20	2	321;322
CREB3L1	4	121;228;229;230
POU4F2	11	4;42;57;90;91;92;93;125;284;285;329
ZNF740	3	32;269;271
HSF1	2	15;251
GFI1	16	1;14;20;21;23;38;123;124;131;132;133;134;135;181;312;313
SPDEF	11	1;4;34;42;46;65;91;167;168;169;194
PAX9	1	346
ETV1	6	11;247;248;249;250;332
BRCA1	10	0;14;20;23;123;131;203;245;342;343
FOXK1	13	6;18;51;88;89;90;93;94;95;170;171;172;173
ITGB2	9	15;33;305;306;335;336;337;353;354
CDX2	10	4;91;94;240;241;242;243;244;303;304
SOX14	10	0;3;4;34;42;65;82;90;98;99
PGR	12	9;57;88;91;92;125;156;231;232;284;333;334
ATF3	4	15;33;277;278
EN1	15	0;1;3;5;6;42;43;57;89;90;91;92;93;344;345
ZNF410	7	0;1;84;218;219;221;224
E2F8	3	15;103;152
CPEB1	3	0;11;255
DLX3	2	336;337
ZNF524	2	32;291
PAX8	4	327;328;349;350
HMX2	11	1;4;42;43;90;91;252;253;280;281;282
SREBF2	5	9;18;51;93;309
KLF13	4	15;121;275;339
KLF7	11	15;121;122;201;205;267;268;310;311;325;326
PLAG1	5	15;32;103;152;279
POU3F3	6	1;11;13;17;53;67
TOPORS	1	199
ONECUT3	3	42;43;202
NFAT5	11	0;4;18;42;51;52;57;88;93;307;309
FOXJ3	18	1;3;17;73;123;124;181;182;190;191;192;203;204;258;312;313;342;343
MEF2B	4	327;328;349;350
TEAD1	4	3;113;185;186
STAT3	3	32;103;152
GLIS3	2	269;271
ZBTB7C	2	121;275
MAFG	6	0;11;12;113;185;186
MESP1	6	18;40;42;90;295;329
HOXD9	11	4;5;6;91;94;240;241;242;243;244;303
MNX1	19	1;5;7;8;18;56;57;88;90;91;92;93;94;95;108;150;151;170;171
TFAP2B	6	121;122;205;228;229;230
LHX5	21	1;5;6;8;18;51;56;57;87;89;90;91;93;94;95;200;209;210;288;289;290
ESRRG	13	2;17;20;21;22;23;37;38;123;124;312;342;343
FOXP3	2	11;286
IRX6	6	18;52;88;307;308;309
GCM1	2	121;339
E2F1	7	33;103;152;159;277;278;279
SCRT1	3	121;230;261
PAX4	12	0;1;3;12;13;14;54;67;68;69;70;71
GLI2	5	15;121;122;325;326
NR4A2	5	4;91;95;323;324
EN2	21	0;1;4;5;6;8;42;43;57;61;62;63;64;89;90;91;92;93;112;344;345
CDX1	10	4;91;94;95;240;241;242;243;244;303
AHR	4	32;103;152;159
ZNF282	7	11;218;219;220;221;223;224
LHX4	14	0;1;5;8;56;57;89;91;93;94;95;215;216;300
BATF3	5	15;33;269;270;271
PITX2	3	42;193;284
FEV	12	1;3;11;14;53;54;55;162;163;212;213;214
HES1	2	121;325
E2F3	9	9;18;42;43;51;88;92;93;200
EMX1	9	1;6;42;43;57;60;89;90;91
OSR2	2	218;219
INSM1	7	15;32;103;152;277;278;279
RFX1	9	32;33;305;306;335;336;337;353;354
PROP1	17	0;1;4;5;6;90;91;94;95;234;235;236;237;238;239;252;253
BSX	19	0;1;7;8;40;42;43;57;88;89;91;108;125;170;171;284;285;333;334
NFYA	5	15;32;328;349;350
ELK4	2	291;292
ONECUT2	3	42;43;202
PAX7	16	0;1;4;5;6;18;42;57;60;90;91;92;93;129;130;150
POU6F2	17	0;1;4;5;6;40;42;43;57;89;90;91;110;111;112;344;345
NR3C2	3	121;276;339
ZNF232	7	4;40;42;89;125;344;345
ETV6	7	121;122;205;228;229;230;261
BARX2	12	1;5;18;57;88;90;91;92;93;95;108;231
FOXG1	6	3;11;83;84;219;221
DBX1	7	0;1;42;90;91;252;253
ESR2	3	19;121;257
NOBOX	11	1;4;5;42;43;90;227;234;235;237;340
TEAD4	3	121;338;339
HOXA11	9	0;4;5;91;94;241;242;243;244
VENTX	4	80;81;91;94
CENPB	1	193
GBX1	12	1;4;5;42;43;90;227;234;237;252;340;341
ZBTB6	2	327;350
HOXD3	18	0;4;5;6;7;8;40;42;43;57;88;89;91;108;156;231;232;233
ELF4	6	121;122;205;206;207;208
HMGA1	13	4;18;41;42;56;57;87;88;90;91;92;172;173
POU3F1	14	0;1;4;5;6;44;85;90;91;94;95;104;166;263
FOXA2	15	0;4;46;50;90;91;94;95;102;105;106;164;178;188;189
HIC2	2	321;322
E2F7	1	321
ZBTB7A	4	32;114;269;271
HERPUD1	3	0;323;324
AR	1	356
ETV2	4	335;336;337;353
HESX1	14	0;1;4;42;43;88;89;90;91;92;108;156;231;232
SOX1	6	0;3;11;13;54;140
GLIS2	2	269;271
ZBTB14	6	15;32;33;103;152;159
IKZF3	1	199
FOXD1	9	0;18;57;88;89;90;91;108;173
ELK3	6	11;247;248;249;250;332
AIRE	10	0;6;18;42;43;57;91;92;93;345
CLOCK	3	327;328;349
NHLH1	5	15;121;122;205;207
HOXA13	2	1;183
NFIL3	8	0;18;41;42;57;87;91;290
HOXD10	13	1;4;6;35;47;48;49;81;90;91;94;166;179
PKNOX1	6	121;293;346;347;348;351
ZBTB33	3	14;54;139
PLAGL1	4	32;103;152;159
NKX2-8	14	1;4;5;35;42;43;50;74;90;91;101;176;177;178
HOXC12	3	94;240;303
ASCL2	4	121;122;205;206
SMAD4	3	121;122;205
PRDM1	11	3;4;5;35;42;85;91;101;102;262;263
IRX4	10	1;4;18;41;57;88;209;307;308;309
HOXC13	8	0;1;4;5;6;94;196;323
IRF5	4	4;42;303;304
LHX2	21	0;1;4;5;6;7;42;43;52;57;87;88;89;90;91;92;93;153;154;155;156
SIX6	6	0;1;18;57;295;296
THRA	2	121;205
BARX1	9	0;4;46;59;90;91;95;107;166
ZNF691	2	185;287
ISL2	11	0;1;4;5;42;44;74;90;91;101;187
FOXD2	13	0;4;9;18;40;51;57;87;88;89;90;95;290
PKNOX2	7	121;293;346;347;348;351;352
PBX1	8	1;3;4;44;45;85;107;166
NRL	8	1;41;57;89;90;95;307;308
PTF1A	12	1;4;9;18;40;41;56;57;88;91;307;309
BBX	9	1;4;8;18;92;95;193;317;318
BHLHE23	4	4;95;197;198
ETV4	6	11;247;248;249;250;332
EOMES	10	0;3;4;57;90;125;284;285;344;345
CCDC6	2	1;332
FIGLA	5	60;89;125;284;285
SOX30	8	1;4;42;43;44;81;102;178
FOXA1	16	0;17;20;21;22;23;97;123;124;181;203;204;312;313;342;343
HOXA10	11	4;5;91;94;95;240;241;242;243;244;303
PAX2	7	0;1;3;12;54;67;139
ALX4	15	1;4;5;6;42;90;91;234;235;236;237;238;239;252;253
ETV7	3	33;114;271
RFX5	2	121;122
YY1	5	15;33;199;319;320
DRGX	13	4;5;42;90;91;234;235;236;237;238;239;252;253
MEF2D	14	0;4;9;18;40;41;42;43;57;88;91;307;308;309
ONECUT1	3	0;331;332
HOXB9	5	0;5;91;94;240
CEBPG	8	1;4;42;43;90;91;323;324
TCF7L2	11	3;4;35;46;90;91;95;166;167;168;169
GBX2	13	1;4;5;6;42;43;90;91;227;234;235;237;238
VSX1	16	0;1;5;6;7;8;42;43;57;89;90;91;93;295;329;330
HLF	8	4;42;44;45;74;91;166;195
MYF6	7	0;3;55;67;139;140;141
ALX1	17	0;1;4;5;6;90;91;94;95;234;235;236;237;238;239;252;253
SIX3	4	18;57;295;296
NANOG	2	269;270
ARNT	8	15;121;122;142;143;144;310;326
HOXB5	19	0;1;4;5;6;8;40;42;43;51;57;88;89;90;91;156;231;232;233
NKX2-3	7	4;42;43;90;91;196;323
NFIA	2	349;350
HBP1	11	1;18;42;56;57;90;92;93;295;329;330
HSF4	1	199
NR1H4	15	1;3;14;124;131;132;133;134;135;136;137;203;204;342;343
SOX5	5	11;219;220;221;224
ZBTB18	6	33;306;335;336;337;353
HOXC4	14	0;1;6;8;52;56;57;87;89;90;91;93;95;200
DMRTA2	9	34;65;85;90;91;95;167;168;169
GFI1B	12	3;16;20;23;38;123;131;132;133;135;182;312
DUXA	7	0;10;18;40;316;317;318
FOXQ1	11	0;3;6;95;101;106;164;165;178;188;189
E2F2	2	335;336
SNAI2	2	3;139
ZNF713	6	20;21;23;123;342;343
HIF1A	5	121;122;225;257;339
EVX2	13	6;8;40;43;61;62;63;64;89;90;91;110;112
SOX3	11	1;3;4;42;58;81;82;100;166;179;180
HDX	9	0;1;8;10;18;42;88;307;309
NKX6-2	21	0;1;5;6;7;18;52;57;87;88;90;91;92;93;95;153;154;155;156;157;158
E2F4	2	3;109
DLX6	6	4;5;42;90;227;234
HMX3	12	1;42;90;202;237;238;239;252;253;280;281;282
LHX9	21	0;1;4;5;6;7;8;18;42;57;87;88;90;91;92;93;108;170;171;333;334
HOXA7	19	1;4;5;18;51;56;57;87;88;89;90;91;92;95;288;289;290;307;309
ESX1	16	0;1;4;5;6;42;43;57;89;90;91;93;215;216;300;302
ZSCAN26	7	1;3;4;18;57;151;345
BHLHE40	6	15;306;335;336;353;354
IRX3	16	1;8;18;42;43;57;87;88;89;93;108;118;119;120;209;210
NFKB2	4	15;32;103;152
DMRTA1	4	95;202;234;236
ARX	16	0;1;4;5;42;43;90;91;234;235;236;237;238;239;252;253
TBX5	24	0;1;3;14;20;21;23;24;25;26;27;28;29;30;31;123;124;203;258;259;312;313;342;343
USF1	6	15;32;335;336;353;354
BARHL2	16	0;1;4;5;42;43;90;91;227;234;235;237;239;253;340;341
EMX2	17	0;1;3;5;6;42;43;57;89;90;91;92;93;215;216;217;300
GLIS1	1	199
NKX2-4	5	4;43;89;91;217
CEBPE	1	199
PITX3	3	121;256;257
NFIB	2	349;350
HOXA1	15	0;5;6;7;40;42;43;51;88;89;90;91;156;231;232
HNF1B	8	0;1;4;90;91;95;323;324
ISX	28	0;1;4;5;6;7;8;10;18;42;57;87;88;90;91;92;93;108;153;154;155;156;157;158;209;210;333;334
ATF6	3	121;276;339
CREB3L2	4	121;228;229;230
SOX13	9	42;57;91;93;193;284;314;316;318
TCF7	12	1;3;4;35;42;46;90;166;167;168;169;180
ZKSCAN3	2	181;192
CEBPB	15	0;1;4;6;42;43;90;202;234;235;236;237;238;239;282
SIX2	4	0;18;57;295
TFEB	5	15;32;335;353;354
GATA6	10	3;4;6;59;65;74;75;90;95;264
SOX12	3	11;113;186
HOXB7	10	0;1;4;5;57;90;95;125;193;318
TEF	10	0;4;44;45;65;91;94;95;106;107
DLX1	16	0;1;4;5;40;42;43;57;89;91;110;111;112;125;344;345
DBP	2	121;230
PTEN	7	20;23;37;38;245;313;342
HOXA2	16	0;4;6;40;42;43;61;62;63;64;89;90;91;110;111;112
PAX3	7	4;40;57;89;129;130;150
TEAD3	3	3;113;186
DMBX1	3	0;12;184
RFX7	4	121;122;275;276
HOXA3	14	0;5;6;9;40;57;89;90;91;95;215;216;300;301
LHX8	13	4;5;6;42;43;56;57;89;90;91;92;295;330
DPRX	5	0;44;81;101;274
NEUROD2	2	4;252
CUX1	5	4;42;43;303;304
OLIG2	4	4;197;198;323
DDIT3	1	115
MYBL2	7	0;18;89;91;92;151;193
T	6	44;45;66;95;105;178
OTX1	6	85;165;166;262;263;264
PITX1	2	12;184
MYBL1	3	0;95;193
FOXM1	2	183;184
TP73	3	121;228;229
LMX1B	28	0;1;4;5;6;7;8;18;52;56;57;87;88;89;90;91;92;93;94;95;150;151;153;154;155;156;157;158
HMBOX1	2	336;337
ZNF589	7	32;305;306;335;336;337;353
NKX6-3	11	0;1;5;18;42;57;60;89;90;91;93
OTP	12	0;1;5;8;18;43;57;60;89;90;91;150
LHX1	21	0;1;5;6;8;18;52;56;57;87;89;90;91;93;95;150;151;200;288;289;290
MAFF	2	269;271
HOXC11	11	0;4;5;91;94;240;241;242;243;244;303
NKX3-2	12	1;37;38;123;124;131;133;134;136;137;342;343
HOXA5	19	1;5;6;9;40;42;43;57;61;63;64;89;90;91;110;111;112;344;345
POU4F1	8	1;35;42;47;48;65;82;91
DMRT1	6	4;46;50;95;102;274
ZBTB12	2	323;324
NEUROG2	5	4;196;197;198;323
DBX2	7	0;1;5;90;91;95;237
HOXB6	3	95;196;323
ZNF8	2	85;104
E4F1	3	121;230;351
SCRT2	3	121;230;261
TP63	1	83
HOXB4	16	0;1;5;6;8;56;57;60;90;91;93;95;126;127;128;150
NKX2-6	2	183;184
GMEB1	3	1;192;342
FOXF2	8	20;21;23;38;39;203;342;343
RHOXF2	14	0;1;5;6;57;89;90;91;92;94;95;215;216;217
HES5	2	152;279
OLIG3	5	4;196;197;198;323
HOXB3	18	0;1;4;5;6;9;40;41;42;43;88;89;90;91;92;93;156;233
HOXB2	14	1;4;5;6;9;40;42;43;88;89;90;91;108;233
HEY2	4	15;33;152;159
IRF6	8	16;124;131;132;133;134;342;343
TBX19	4	4;66;95;178
MNT	3	121;122;205
ARID3A	18	0;1;4;8;10;52;56;57;87;88;89;92;93;94;95;288;289;290
PAX1	4	90;91;237;341
HOXC5	14	1;5;6;56;57;90;91;93;95;108;125;200;288;290
OLIG1	5	4;95;196;197;198
CDC5L	10	4;18;40;42;56;57;90;91;344;345
BHLHE22	6	4;95;196;197;198;323
GSC2	2	114;271
GZF1	1	338
MEOX1	12	8;9;40;42;43;88;89;90;156;231;232;333
SP100	1	199
ZNF784	1	256
ATOH1	5	4;196;197;198;323
SIX1	5	0;18;57;295;296
NKX1-2	14	0;1;5;42;43;57;89;90;91;92;93;215;216;300
HOXD1	13	0;1;5;40;42;43;57;89;90;91;193;315;316
EVX1	8	5;6;43;89;90;91;92;217
NKX1-1	6	1;57;89;156;231;232
FOXN1	2	269;271
GATA2	1	336
ZBED1	1	169
